-- Auto-generated cutscene data
-- Each frame: { cf = CFrame (rotation delta), fov = number }
local CutsceneData = {
	{ cf = CFrame.new(0.000000,0.000000,0.000000,-1.000000,-0.000000,0.000000,0.000000,0.617916,0.786244,-0.000000,0.786244,-0.617916), fov = -33.0000 },
	{ cf = CFrame.new(0.000000,0.000000,0.000000,-1.000000,-0.000000,0.000000,0.000000,0.617916,0.786244,-0.000000,0.786244,-0.617916), fov = -33.0000 },
	{ cf = CFrame.new(0.000000,0.000000,0.000000,-1.000000,-0.000000,0.000000,0.000000,0.617916,0.786244,-0.000000,0.786244,-0.617916), fov = -33.0000 },
	{ cf = CFrame.new(0.000000,0.000000,0.000000,-1.000000,-0.000000,0.000000,0.000000,0.617916,0.786244,-0.000000,0.786244,-0.617916), fov = -33.0000 },
	{ cf = CFrame.new(0.000000,0.000000,0.000000,-1.000000,-0.000000,0.000000,0.000000,0.617916,0.786244,-0.000000,0.786244,-0.617916), fov = -33.0000 },
	{ cf = CFrame.new(0.000000,0.000000,0.000000,-0.994880,-0.025797,0.097716,0.065120,0.575778,0.815009,-0.077287,0.817199,-0.571150), fov = -33.0000 },
	{ cf = CFrame.new(0.000000,0.000000,0.000000,-0.973729,-0.063060,0.218803,0.154252,0.524170,0.837527,-0.167504,0.849276,-0.500673), fov = -33.0000 },
	{ cf = CFrame.new(0.000000,0.000000,0.000000,-0.941049,-0.096849,0.324109,0.240481,0.482296,0.842354,-0.237897,0.870638,-0.430574), fov = -33.0000 },
	{ cf = CFrame.new(0.000000,0.000000,0.000000,-0.892935,-0.126069,0.432174,0.337880,0.446716,0.828421,-0.297497,0.885749,-0.356292), fov = -33.0000 },
	{ cf = CFrame.new(0.000000,0.000000,0.000000,-0.863448,-0.134364,0.486213,0.389664,0.434445,0.812047,-0.320342,0.890620,-0.322764), fov = -33.0000 },
	{ cf = CFrame.new(0.000000,0.000000,0.000000,-0.824248,-0.136047,0.549643,0.452182,0.426100,0.783563,-0.340804,0.894388,-0.289694), fov = -33.0000 },
	{ cf = CFrame.new(0.000000,0.000000,0.000000,-0.827352,-0.108681,0.551069,0.455805,0.443404,0.771774,-0.328223,0.889709,-0.317314), fov = -33.0000 },
	{ cf = CFrame.new(0.000000,0.000000,0.000000,-0.840143,-0.078449,0.536662,0.445101,0.465670,0.764877,-0.309911,0.881474,-0.356312), fov = -33.0000 },
	{ cf = CFrame.new(0.000000,0.000000,0.000000,-0.840143,-0.078449,0.536662,0.445101,0.465670,0.764877,-0.309911,0.881474,-0.356312), fov = -33.0000 },
	{ cf = CFrame.new(0.000000,0.000000,0.000000,-0.853228,-0.032986,0.520494,0.435901,0.502833,0.746424,-0.286343,0.863754,-0.414653), fov = -33.0000 },
	{ cf = CFrame.new(0.000000,0.000000,0.000000,-0.854959,-0.016490,0.518434,0.436193,0.517997,0.735809,-0.280681,0.855224,-0.435673), fov = -33.0000 },
	{ cf = CFrame.new(0.000000,0.000000,0.000000,-0.854164,-0.003445,0.519992,0.438998,0.531205,0.724639,-0.278719,0.847236,-0.452224), fov = -33.0000 },
	{ cf = CFrame.new(0.000000,0.000000,0.000000,-0.851331,0.006674,0.524587,0.443717,0.542661,0.713186,-0.279913,0.839925,-0.464945), fov = -33.0000 },
	{ cf = CFrame.new(0.000000,0.000000,0.000000,-0.846803,0.014300,0.531715,0.449906,0.552509,0.701654,-0.283744,0.833384,-0.474300), fov = -33.0000 },
	{ cf = CFrame.new(0.000000,0.000000,0.000000,-0.840900,0.019783,0.540829,0.457069,0.561060,0.690145,-0.289784,0.827539,-0.480838), fov = -33.0000 },
	{ cf = CFrame.new(0.000000,0.000000,0.000000,-0.833987,0.023457,0.551286,0.464725,0.568503,0.678848,-0.297484,0.822347,-0.485025), fov = -33.0000 },
	{ cf = CFrame.new(0.000000,0.000000,0.000000,-0.826376,0.025720,0.562531,0.472543,0.575000,0.667891,-0.306277,0.817749,-0.487320), fov = -33.0000 },
	{ cf = CFrame.new(0.000000,0.000000,0.000000,-0.816558,0.027204,0.576622,0.481855,0.582180,0.654892,-0.317882,0.812605,-0.488492), fov = -33.0000 },
	{ cf = CFrame.new(0.000000,0.000000,0.000000,-0.808914,0.027569,0.587281,0.488519,0.587303,0.645310,-0.327121,0.808898,-0.488545), fov = -33.0000 },
	{ cf = CFrame.new(0.000000,0.000000,0.000000,-0.803731,0.027529,0.594355,0.492677,0.590861,0.638868,-0.333594,0.806303,-0.488457), fov = -33.0000 },
	{ cf = CFrame.new(0.000000,0.000000,0.000000,-0.795770,0.027238,0.604986,0.498617,0.596435,0.629005,-0.343702,0.802199,-0.488206), fov = -33.0000 },
	{ cf = CFrame.new(0.000000,0.000000,0.000000,-0.790296,0.026610,0.612148,0.502200,0.600504,0.622247,-0.351039,0.799179,-0.487939), fov = -33.0000 },
	{ cf = CFrame.new(0.000000,0.000000,0.000000,-0.785482,0.025707,0.618351,0.504985,0.604232,0.616355,-0.357783,0.796393,-0.487595), fov = -33.0000 },
	{ cf = CFrame.new(0.000000,0.000000,0.000000,-0.781410,0.024571,0.623534,0.506902,0.607755,0.611297,-0.363936,0.793744,-0.487361), fov = -33.0000 },
	{ cf = CFrame.new(0.000000,0.000000,0.000000,-0.777929,0.023134,0.627926,0.508167,0.610944,0.607053,-0.369584,0.791336,-0.487027), fov = -33.0000 },
	{ cf = CFrame.new(0.000000,0.000000,0.000000,-0.775110,0.021467,0.631462,0.508788,0.613779,0.603664,-0.374619,0.789186,-0.486668), fov = -33.0000 },
	{ cf = CFrame.new(0.000000,0.000000,0.000000,-0.772791,0.019567,0.634359,0.508842,0.616473,0.600867,-0.379308,0.787133,-0.486361), fov = -33.0000 },
	{ cf = CFrame.new(0.000000,0.000000,0.000000,-0.768505,0.010576,0.639757,0.504560,0.624881,0.595771,-0.393471,0.780648,-0.485560), fov = -33.0000 },
	{ cf = CFrame.new(0.000000,0.000000,0.000000,-0.768345,0.008118,0.639985,0.502722,0.626520,0.595604,-0.396128,0.779364,-0.485464), fov = -33.0000 },
	{ cf = CFrame.new(0.000000,0.000000,0.000000,-0.768528,0.005621,0.639791,0.500673,0.627878,0.595900,-0.398361,0.778292,-0.485356), fov = -33.0000 },
	{ cf = CFrame.new(0.000000,0.000000,0.000000,-0.768879,0.003063,0.639387,0.498492,0.629104,0.596435,-0.400414,0.777315,-0.485231), fov = -33.0000 },
	{ cf = CFrame.new(0.000000,0.000000,0.000000,-0.769456,0.000523,0.638700,0.496175,0.630175,0.597236,-0.402180,0.776453,-0.485151), fov = -33.0000 },
	{ cf = CFrame.new(0.000000,0.000000,0.000000,-0.769456,0.000523,0.638700,0.496175,0.630175,0.597236,-0.402180,0.776453,-0.485151), fov = -33.0000 },
	{ cf = CFrame.new(0.000000,0.000000,0.000000,-0.770879,-0.004384,0.636967,0.491553,0.631889,0.599243,-0.405120,0.775046,-0.484955), fov = -33.0000 },
	{ cf = CFrame.new(0.000000,0.000000,0.000000,-0.771609,-0.006751,0.636061,0.489359,0.632535,0.600357,-0.406384,0.774503,-0.484766), fov = -33.0000 },
	{ cf = CFrame.new(0.000000,0.000000,0.000000,-0.772393,-0.008957,0.635082,0.487209,0.633129,0.601477,-0.407476,0.773994,-0.484660), fov = -33.0000 },
	{ cf = CFrame.new(0.000000,0.000000,0.000000,-0.773058,-0.010947,0.634241,0.485340,0.633590,0.602502,-0.408445,0.773592,-0.484488), fov = -33.0000 },
	{ cf = CFrame.new(0.000000,0.000000,0.000000,-0.773604,-0.012774,0.633540,0.483682,0.634004,0.603399,-0.409375,0.773224,-0.484290), fov = -33.0000 },
	{ cf = CFrame.new(0.000000,0.000000,0.000000,-0.773978,-0.014383,0.633049,0.482363,0.634288,0.604157,-0.410225,0.772963,-0.483987), fov = -33.0000 },
	{ cf = CFrame.new(0.000000,0.000000,0.000000,-0.774121,-0.015797,0.632841,0.481348,0.634591,0.604648,-0.411147,0.772687,-0.483646), fov = -33.0000 },
	{ cf = CFrame.new(0.000000,0.000000,0.000000,-0.774093,-0.016935,0.632845,0.480633,0.634893,0.604899,-0.412033,0.772414,-0.483327), fov = -33.0000 },
	{ cf = CFrame.new(0.000000,0.000000,0.000000,-0.773897,-0.017826,0.633061,0.480239,0.635132,0.604961,-0.412861,0.772198,-0.482966), fov = -33.0000 },
	{ cf = CFrame.new(0.000000,0.000000,0.000000,-0.773583,-0.018686,0.633419,0.479937,0.635435,0.604883,-0.413799,0.771929,-0.482594), fov = -33.0000 },
	{ cf = CFrame.new(0.000000,0.000000,0.000000,-0.773157,-0.019323,0.633921,0.479810,0.635822,0.604577,-0.414743,0.771594,-0.482319), fov = -33.0000 },
	{ cf = CFrame.new(0.000000,0.000000,0.000000,-0.773157,-0.019323,0.633921,0.479810,0.635822,0.604577,-0.414743,0.771594,-0.482319), fov = -33.0000 },
	{ cf = CFrame.new(0.000000,0.000000,0.000000,-0.772073,-0.020312,0.635210,0.479802,0.636808,0.603544,-0.416766,0.770755,-0.481916), fov = -33.0000 },
	{ cf = CFrame.new(0.000000,0.000000,0.000000,-0.771529,-0.020719,0.635856,0.479740,0.637490,0.602874,-0.417843,0.770180,-0.481903), fov = -33.0000 },
	{ cf = CFrame.new(0.000000,0.000000,0.000000,-0.770924,-0.021146,0.636576,0.479642,0.638320,0.602073,-0.419071,0.769481,-0.481953), fov = -33.0000 },
	{ cf = CFrame.new(0.000000,0.000000,0.000000,-0.770434,-0.021516,0.637157,0.479394,0.639273,0.601258,-0.420254,0.768679,-0.482203), fov = -33.0000 },
	{ cf = CFrame.new(0.000000,0.000000,0.000000,-0.769935,-0.022041,0.637742,0.478933,0.640478,0.600343,-0.421692,0.767660,-0.482570), fov = -33.0000 },
	{ cf = CFrame.new(0.000000,0.000000,0.000000,-0.769549,-0.022561,0.638190,0.478250,0.641889,0.599380,-0.423170,0.766466,-0.483175), fov = -33.0000 },
	{ cf = CFrame.new(0.000000,0.000000,0.000000,-0.769328,-0.023211,0.638432,0.477166,0.643609,0.598397,-0.424790,0.765002,-0.484071), fov = -33.0000 },
	{ cf = CFrame.new(0.000000,0.000000,0.000000,-0.769217,-0.023967,0.638538,0.475827,0.645492,0.597435,-0.426490,0.763391,-0.485119), fov = -33.0000 },
	{ cf = CFrame.new(0.000000,0.000000,0.000000,-0.769266,-0.024906,0.638443,0.474015,0.647764,0.596415,-0.428415,0.761434,-0.486497), fov = -33.0000 },
	{ cf = CFrame.new(0.000000,0.000000,0.000000,-0.769533,-0.026090,0.638074,0.471712,0.650296,0.595486,-0.430473,0.759233,-0.488117), fov = -33.0000 },
	{ cf = CFrame.new(0.000000,0.000000,0.000000,-0.770072,-0.027464,0.637366,0.468821,0.653207,0.594581,-0.432661,0.756681,-0.490141), fov = -33.0000 },
	{ cf = CFrame.new(0.000000,0.000000,0.000000,-0.770072,-0.027464,0.637366,0.468821,0.653207,0.594581,-0.432661,0.756681,-0.490141), fov = -33.0000 },
	{ cf = CFrame.new(0.000000,0.000000,0.000000,-0.987222,-0.083444,-0.135755,-0.151838,0.751084,0.642510,0.048350,0.654912,-0.754157), fov = -33.0000 },
	{ cf = CFrame.new(0.000000,0.000000,0.000000,-0.986233,-0.078850,-0.145352,-0.154672,0.750782,0.642186,0.058492,0.655827,-0.752642), fov = -33.0000 },
	{ cf = CFrame.new(0.000000,0.000000,0.000000,-0.985351,-0.073681,-0.153801,-0.156361,0.750351,0.642281,0.068081,0.656920,-0.750880), fov = -33.0000 },
	{ cf = CFrame.new(0.000000,0.000000,0.000000,-0.984568,-0.067945,-0.161273,-0.157038,0.749719,0.642854,0.077230,0.658259,-0.748819), fov = -33.0000 },
	{ cf = CFrame.new(0.000000,0.000000,0.000000,-0.983890,-0.061811,-0.167748,-0.156827,0.748859,0.643906,0.085819,0.659840,-0.746489), fov = -33.0000 },
	{ cf = CFrame.new(0.000000,0.000000,0.000000,-0.983890,-0.061811,-0.167748,-0.156827,0.748859,0.643906,0.085819,0.659840,-0.746489), fov = -33.0000 },
	{ cf = CFrame.new(0.000000,0.000000,0.000000,-0.982878,-0.048037,-0.177886,-0.153637,0.746612,0.647276,0.101719,0.663523,-0.741209), fov = -33.0000 },
	{ cf = CFrame.new(0.000000,0.000000,0.000000,-0.982519,-0.040508,-0.181702,-0.150841,0.745245,0.649505,0.109103,0.665559,-0.738328), fov = -33.0000 },
	{ cf = CFrame.new(0.000000,0.000000,0.000000,-0.982242,-0.032697,-0.184749,-0.147411,0.743648,0.652118,0.116065,0.667772,-0.735262), fov = -33.0000 },
	{ cf = CFrame.new(0.000000,0.000000,0.000000,-0.982049,-0.024453,-0.187035,-0.143220,0.741937,0.654994,0.122752,0.670023,-0.732121), fov = -33.0000 },
	{ cf = CFrame.new(0.000000,0.000000,0.000000,-0.981920,-0.015947,-0.188626,-0.138452,0.740029,0.658171,0.129093,0.672386,-0.728856), fov = -33.0000 },
	{ cf = CFrame.new(0.000000,0.000000,0.000000,-0.981834,-0.007198,-0.189603,-0.133166,0.737968,0.661566,0.135159,0.674797,-0.725521), fov = -33.0000 },
	{ cf = CFrame.new(0.000000,0.000000,0.000000,-0.981772,0.001860,-0.190053,-0.127358,0.735810,0.665105,0.141080,0.677186,-0.722161), fov = -33.0000 },
	{ cf = CFrame.new(0.000000,0.000000,0.000000,-0.981746,0.008827,-0.189993,-0.122657,0.734068,0.667906,0.145363,0.679018,-0.719586), fov = -33.0000 },
	{ cf = CFrame.new(0.000000,0.000000,0.000000,-0.981678,0.020648,-0.189425,-0.114426,0.731025,0.672688,0.152365,0.682038,-0.715269), fov = -33.0000 },
	{ cf = CFrame.new(0.000000,0.000000,0.000000,-0.981622,0.030271,-0.188420,-0.107416,0.728436,0.676641,0.157734,0.684445,-0.711797), fov = -33.0000 },
	{ cf = CFrame.new(0.000000,0.000000,0.000000,-0.981523,0.039993,-0.187119,-0.100180,0.725767,0.680608,0.163024,0.686778,-0.708350), fov = -33.0000 },
	{ cf = CFrame.new(0.000000,0.000000,0.000000,-0.981392,0.049817,-0.185439,-0.092656,0.723011,0.684595,0.168179,0.689038,-0.704941), fov = -33.0000 },
	{ cf = CFrame.new(0.000000,0.000000,0.000000,-0.981185,0.059638,-0.183626,-0.085090,0.720167,0.688563,0.173306,0.691233,-0.701543), fov = -33.0000 },
	{ cf = CFrame.new(0.000000,0.000000,0.000000,-0.980925,0.069543,-0.181521,-0.077290,0.717292,0.692473,0.178360,0.693294,-0.698234), fov = -33.0000 },
	{ cf = CFrame.new(0.000000,0.000000,0.000000,-0.980570,0.079429,-0.179373,-0.069503,0.714388,0.696290,0.183447,0.695227,-0.694987), fov = -33.0000 },
	{ cf = CFrame.new(0.000000,0.000000,0.000000,-0.980119,0.089293,-0.177183,-0.061729,0.711457,0.700013,0.188565,0.697034,-0.691800), fov = -33.0000 },
	{ cf = CFrame.new(0.000000,0.000000,0.000000,-0.979582,0.099044,-0.174954,-0.054018,0.708561,0.703579,0.193651,0.698664,-0.688744), fov = -33.0000 },
	{ cf = CFrame.new(0.000000,0.000000,0.000000,-0.979582,0.099044,-0.174954,-0.054018,0.708561,0.703579,0.193651,0.698664,-0.688744), fov = -33.0000 },
	{ cf = CFrame.new(0.000000,0.000000,0.000000,-0.978194,0.118259,-0.170739,-0.038970,0.702964,0.710157,0.204006,0.701325,-0.683027), fov = -33.0000 },
	{ cf = CFrame.new(0.000000,0.000000,0.000000,-0.977332,0.127713,-0.168852,-0.031686,0.700337,0.713109,0.209326,0.702294,-0.680416), fov = -33.0000 },
	{ cf = CFrame.new(0.000000,0.000000,0.000000,-0.976353,0.136948,-0.167275,-0.024775,0.697782,0.715882,0.214760,0.703097,-0.677889), fov = -33.0000 },
	{ cf = CFrame.new(0.000000,0.000000,0.000000,-0.975261,0.145946,-0.166032,-0.018207,0.695493,0.718302,0.220307,0.703555,-0.675630), fov = -33.0000 },
	{ cf = CFrame.new(0.000000,0.000000,0.000000,-0.974063,0.154721,-0.165116,-0.012000,0.693355,0.720496,0.225960,0.703790,-0.673515), fov = -33.0000 },
	{ cf = CFrame.new(0.000000,0.000000,0.000000,-0.972752,0.163167,-0.164711,-0.006316,0.691515,0.722334,0.231761,0.703692,-0.671642), fov = -33.0000 },
	{ cf = CFrame.new(0.000000,0.000000,0.000000,-0.971321,0.171377,-0.164821,-0.001107,0.689918,0.723887,0.237771,0.703308,-0.669942), fov = -33.0000 },
	{ cf = CFrame.new(0.000000,0.000000,0.000000,-0.969787,0.179350,-0.165372,0.003705,0.688628,0.725105,0.243927,0.702584,-0.668487), fov = -33.0000 },
	{ cf = CFrame.new(0.000000,0.000000,0.000000,-0.969787,0.179350,-0.165372,0.003705,0.688628,0.725105,0.243927,0.702584,-0.668487), fov = -33.0000 },
	{ cf = CFrame.new(0.000000,0.000000,0.000000,-0.966933,0.192442,-0.167353,0.010963,0.686963,0.726610,0.254795,0.700748,-0.666357), fov = -33.0000 },
	{ cf = CFrame.new(0.000000,0.000000,0.000000,-0.964774,0.201241,-0.169449,0.015383,0.686149,0.727298,0.262629,0.699072,-0.665075), fov = -33.0000 },
	{ cf = CFrame.new(0.000000,0.000000,0.000000,-0.963034,0.207818,-0.171398,0.018502,0.685796,0.727559,0.268744,0.697493,-0.664290), fov = -33.0000 },
	{ cf = CFrame.new(0.000000,0.000000,0.000000,-0.961718,0.212532,-0.172999,0.020644,0.685683,0.727608,0.273262,0.696182,-0.663821), fov = -33.0000 },
	{ cf = CFrame.new(0.000000,0.000000,0.000000,-0.959503,0.220002,-0.175935,0.023832,0.685709,0.727485,0.280688,0.693831,-0.663183), fov = -33.0000 },
	{ cf = CFrame.new(0.000000,0.000000,0.000000,-0.957777,0.225451,-0.178425,0.025989,0.685929,0.727205,0.286336,0.691862,-0.662826), fov = -33.0000 },
	{ cf = CFrame.new(0.000000,0.000000,0.000000,-0.956074,0.230632,-0.180917,0.027994,0.686220,0.726855,0.291785,0.689863,-0.662534), fov = -33.0000 },
	{ cf = CFrame.new(0.000000,0.000000,0.000000,-0.956074,0.230632,-0.180917,0.027994,0.686220,0.726855,0.291785,0.689863,-0.662534), fov = -33.0000 },
	{ cf = CFrame.new(0.000000,0.000000,0.000000,-0.953264,0.238648,-0.185296,0.030922,0.687121,0.725885,0.300552,0.686230,-0.662387), fov = -33.0000 },
	{ cf = CFrame.new(0.000000,0.000000,0.000000,-0.951413,0.243605,-0.188336,0.032618,0.687935,0.725039,0.306187,0.683668,-0.662456), fov = -33.0000 },
	{ cf = CFrame.new(0.000000,0.000000,0.000000,-0.950056,0.247127,-0.190584,0.033851,0.688689,0.724267,0.310239,0.681642,-0.662658), fov = -33.0000 },
	{ cf = CFrame.new(0.000000,0.000000,0.000000,-0.948848,0.250151,-0.192645,0.034882,0.689470,0.723474,0.313801,0.679747,-0.662928), fov = -33.0000 },
	{ cf = CFrame.new(0.000000,0.000000,0.000000,-0.947765,0.252852,-0.194443,0.035887,0.690254,0.722677,0.316946,0.677949,-0.663272), fov = -33.0000 },
	{ cf = CFrame.new(0.000000,0.000000,0.000000,-0.946896,0.254985,-0.195883,0.036761,0.691059,0.721863,0.319431,0.676328,-0.663734), fov = -33.0000 },
	{ cf = CFrame.new(0.000000,0.000000,0.000000,-0.946896,0.254985,-0.195883,0.036761,0.691059,0.721863,0.319431,0.676328,-0.663734), fov = -33.0000 },
	{ cf = CFrame.new(0.000000,0.000000,0.000000,-0.945843,0.257672,-0.197448,0.038236,0.692433,0.720468,0.322365,0.673900,-0.664786), fov = -33.0000 },
	{ cf = CFrame.new(0.000000,0.000000,0.000000,-0.945465,0.258794,-0.197793,0.039243,0.693319,0.719561,0.323352,0.672558,-0.665665), fov = -33.0000 },
	{ cf = CFrame.new(0.000000,0.000000,0.000000,-0.945467,0.259058,-0.197437,0.040022,0.693963,0.718898,0.323251,0.671792,-0.666487), fov = -33.0000 },
	{ cf = CFrame.new(0.000000,0.000000,0.000000,-0.945698,0.258963,-0.196452,0.040940,0.694465,0.718361,0.322458,0.671310,-0.667356), fov = -33.0000 },
	{ cf = CFrame.new(0.000000,0.000000,0.000000,-0.946227,0.258259,-0.194825,0.041830,0.694853,0.717935,0.320788,0.671180,-0.668291), fov = -33.0000 },
	{ cf = CFrame.new(0.000000,0.000000,0.000000,-0.947002,0.257113,-0.192562,0.042802,0.695111,0.717628,0.318363,0.671353,-0.669276), fov = -33.0000 },
	{ cf = CFrame.new(0.000000,0.000000,0.000000,-0.948094,0.255367,-0.189487,0.043874,0.695239,0.717438,0.314949,0.671885,-0.670356), fov = -33.0000 },
	{ cf = CFrame.new(0.000000,0.000000,0.000000,-0.949446,0.253204,-0.185582,0.045130,0.695102,0.717494,0.310670,0.672846,-0.671388), fov = -33.0000 },
	{ cf = CFrame.new(0.000000,0.000000,0.000000,-0.951052,0.250505,-0.180960,0.046494,0.694899,0.717603,0.305512,0.674064,-0.672532), fov = -33.0000 },
	{ cf = CFrame.new(0.000000,0.000000,0.000000,-0.952890,0.247374,-0.175517,0.048061,0.694493,0.717892,0.299483,0.675637,-0.673665), fov = -33.0000 },
	{ cf = CFrame.new(0.000000,0.000000,0.000000,-0.954915,0.243785,-0.169432,0.049719,0.693966,0.718289,0.292688,0.677481,-0.674799), fov = -33.0000 },
	{ cf = CFrame.new(0.000000,0.000000,0.000000,-0.957099,0.239824,-0.162623,0.051590,0.693301,0.718799,0.285132,0.679572,-0.675930), fov = -33.0000 },
	{ cf = CFrame.new(0.000000,0.000000,0.000000,-0.959403,0.235563,-0.155102,0.053748,0.692554,0.719361,0.276871,0.681821,-0.677099), fov = -33.0000 },
	{ cf = CFrame.new(0.000000,0.000000,0.000000,-0.961782,0.230987,-0.147038,0.056064,0.691743,0.719964,0.268015,0.684205,-0.678256), fov = -33.0000 },
	{ cf = CFrame.new(0.000000,0.000000,0.000000,-0.964230,0.226098,-0.138345,0.058607,0.690863,0.720607,0.258505,0.686723,-0.679402), fov = -33.0000 },
	{ cf = CFrame.new(0.000000,0.000000,0.000000,-0.966677,0.221049,-0.129125,0.061436,0.689969,0.721227,0.248519,0.689261,-0.680558), fov = -33.0000 },
	{ cf = CFrame.new(0.000000,0.000000,0.000000,-0.969104,0.215844,-0.119366,0.064544,0.689003,0.721879,0.238057,0.691872,-0.681647), fov = -33.0000 },
	{ cf = CFrame.new(0.000000,0.000000,0.000000,-0.971505,0.210385,-0.109159,0.067820,0.688045,0.722492,0.227108,0.694502,-0.682707), fov = -33.0000 },
	{ cf = CFrame.new(0.000000,0.000000,0.000000,-0.973251,0.206293,-0.101121,0.070585,0.687354,0.722885,0.218632,0.696411,-0.683529), fov = -33.0000 },
	{ cf = CFrame.new(0.000000,0.000000,0.000000,-0.973251,0.206293,-0.101121,0.070585,0.687354,0.722885,0.218632,0.696411,-0.683529), fov = -33.0000 },
	{ cf = CFrame.new(0.000000,0.000000,0.000000,-0.977615,0.195147,-0.078655,0.078631,0.685610,0.723710,0.195156,0.701325,-0.685607), fov = -33.0000 },
	{ cf = CFrame.new(0.000000,0.000000,0.000000,-0.980054,0.188166,-0.063930,0.084214,0.684617,0.724022,0.180004,0.704197,-0.686808), fov = -33.0000 },
	{ cf = CFrame.new(0.000000,0.000000,0.000000,-0.981376,0.184113,-0.054799,0.087911,0.684098,0.724073,0.170799,0.705770,-0.687543), fov = -33.0000 },
	{ cf = CFrame.new(0.000000,0.000000,0.000000,-0.982991,0.178702,-0.042364,0.093046,0.683462,0.724032,0.158340,0.707775,-0.688464), fov = -33.0000 },
	{ cf = CFrame.new(0.000000,0.000000,0.000000,-0.982991,0.178702,-0.042364,0.093046,0.683462,0.724032,0.158340,0.707775,-0.688464), fov = -33.0000 },
	{ cf = CFrame.new(0.000000,0.000000,0.000000,-0.985835,0.167184,-0.013402,0.105917,0.682534,0.723138,0.130045,0.711475,-0.690573), fov = -33.0000 },
	{ cf = CFrame.new(0.000000,0.000000,0.000000,-0.986676,0.162696,-0.000212,0.112391,0.682545,0.722150,0.117636,0.712504,-0.691737), fov = -33.0000 },
	{ cf = CFrame.new(0.000000,0.000000,0.000000,-0.987158,0.159177,0.013483,0.119965,0.682945,0.720552,0.105487,0.712916,-0.693270), fov = -33.0000 },
	{ cf = CFrame.new(0.000000,0.000000,0.000000,-0.987300,0.156462,0.027526,0.128377,0.683694,0.718388,0.093581,0.712799,-0.695098), fov = -33.0000 },
	{ cf = CFrame.new(0.000000,0.000000,0.000000,-0.987084,0.154648,0.041824,0.137608,0.684780,0.715640,0.082032,0.712152,-0.697216), fov = -33.0000 },
	{ cf = CFrame.new(0.000000,0.000000,0.000000,-0.986533,0.153571,0.056300,0.147464,0.686154,0.712353,0.070766,0.711062,-0.699559), fov = -33.0000 },
	{ cf = CFrame.new(0.000000,0.000000,0.000000,-0.985632,0.153244,0.071041,0.157998,0.687735,0.708560,0.059725,0.709603,-0.702066), fov = -33.0000 },
	{ cf = CFrame.new(0.000000,0.000000,0.000000,-0.984372,0.153753,0.085862,0.169126,0.689510,0.704253,0.049078,0.707768,-0.704738), fov = -33.0000 },
	{ cf = CFrame.new(0.000000,0.000000,0.000000,-0.982768,0.155011,0.100688,0.180718,0.691355,0.699549,0.038827,0.705691,-0.707455), fov = -33.0000 },
	{ cf = CFrame.new(0.000000,0.000000,0.000000,-0.980832,0.156851,0.115613,0.192718,0.693213,0.694489,0.028787,0.703458,-0.710154), fov = -33.0000 },
	{ cf = CFrame.new(0.000000,0.000000,0.000000,-0.978552,0.159443,0.130439,0.205105,0.695117,0.689017,0.019189,0.700993,-0.712910), fov = -33.0000 },
	{ cf = CFrame.new(0.000000,0.000000,0.000000,-0.975938,0.162613,0.145268,0.217827,0.696949,0.683237,0.009859,0.698440,-0.715600), fov = -33.0000 },
	{ cf = CFrame.new(0.000000,0.000000,0.000000,-0.973014,0.166423,0.159837,0.230745,0.698639,0.677244,0.001041,0.695850,-0.718187), fov = -33.0000 },
	{ cf = CFrame.new(0.000000,0.000000,0.000000,-0.969794,0.170707,0.174237,0.243811,0.700198,0.671029,-0.007451,0.693241,-0.720668), fov = -33.0000 },
	{ cf = CFrame.new(0.000000,0.000000,0.000000,-0.966266,0.175529,0.188469,0.257079,0.701479,0.664708,-0.015532,0.690736,-0.722940), fov = -33.0000 },
	{ cf = CFrame.new(0.000000,0.000000,0.000000,-0.962492,0.180711,0.202367,0.270314,0.702578,0.658267,-0.023222,0.688279,-0.725074), fov = -33.0000 },
	{ cf = CFrame.new(0.000000,0.000000,0.000000,-0.958472,0.186393,0.215844,0.283570,0.703340,0.651844,-0.030313,0.685981,-0.726988), fov = -33.0000 },
	{ cf = CFrame.new(0.000000,0.000000,0.000000,-0.954223,0.192391,0.229005,0.296801,0.703730,0.645502,-0.036969,0.683922,-0.728618), fov = -33.0000 },
	{ cf = CFrame.new(0.000000,0.000000,0.000000,-0.949812,0.198600,0.241692,0.309833,0.703775,0.639300,-0.043132,0.682099,-0.729987), fov = -33.0000 },
	{ cf = CFrame.new(0.000000,0.000000,0.000000,-0.945197,0.205161,0.253992,0.322849,0.703312,0.633341,-0.048699,0.680633,-0.731004), fov = -33.0000 },
	{ cf = CFrame.new(0.000000,0.000000,0.000000,-0.940484,0.211808,0.265759,0.335562,0.702471,0.627640,-0.053749,0.679464,-0.731738), fov = -33.0000 },
	{ cf = CFrame.new(0.000000,0.000000,0.000000,-0.935682,0.218670,0.276917,0.348036,0.701105,0.622352,-0.058058,0.678701,-0.732117), fov = -33.0000 },
	{ cf = CFrame.new(0.000000,0.000000,0.000000,-0.930816,0.225571,0.287576,0.360226,0.699250,0.617484,-0.061801,0.678356,-0.732130), fov = -33.0000 },
	{ cf = CFrame.new(0.000000,0.000000,0.000000,-0.930816,0.225571,0.287576,0.360226,0.699250,0.617484,-0.061801,0.678356,-0.732130), fov = -33.0000 },
	{ cf = CFrame.new(0.000000,0.000000,0.000000,-0.922297,0.237628,0.304798,0.380696,0.694541,0.610478,-0.066628,0.679077,-0.731037), fov = -33.0000 },
	{ cf = CFrame.new(0.000000,0.000000,0.000000,-0.916269,0.246102,0.316046,0.394601,0.690197,0.606563,-0.068857,0.680487,-0.729518), fov = -33.0000 },
	{ cf = CFrame.new(0.000000,0.000000,0.000000,-0.911522,0.252756,0.324410,0.405271,0.686117,0.604152,-0.069880,0.682172,-0.727845), fov = -33.0000 },
	{ cf = CFrame.new(0.000000,0.000000,0.000000,-0.906779,0.259324,0.332419,0.415686,0.681578,0.602210,-0.070402,0.684254,-0.725838), fov = -33.0000 },
	{ cf = CFrame.new(0.000000,0.000000,0.000000,-0.902136,0.265736,0.339905,0.425670,0.676739,0.600691,-0.070402,0.686592,-0.723626), fov = -33.0000 },
	{ cf = CFrame.new(0.000000,0.000000,0.000000,-0.896359,0.273611,0.348824,0.437797,0.670222,0.599280,-0.069820,0.689884,-0.720545), fov = -33.0000 },
	{ cf = CFrame.new(0.000000,0.000000,0.000000,-0.892939,0.278158,0.353961,0.444810,0.666214,0.598584,-0.069313,0.691945,-0.718616), fov = -33.0000 },
	{ cf = CFrame.new(0.000000,0.000000,0.000000,-0.888460,0.284110,0.360445,0.453850,0.660683,0.597928,-0.068263,0.694823,-0.715934), fov = -33.0000 },
	{ cf = CFrame.new(0.000000,0.000000,0.000000,-0.883978,0.289908,0.366791,0.462687,0.655073,0.597327,-0.067105,0.697734,-0.713207), fov = -33.0000 },
	{ cf = CFrame.new(0.000000,0.000000,0.000000,-0.879570,0.295579,0.372814,0.471202,0.649523,0.596732,-0.065770,0.700538,-0.710578), fov = -33.0000 },
	{ cf = CFrame.new(0.000000,0.000000,0.000000,-0.875221,0.300952,0.378703,0.479407,0.644018,0.596163,-0.064475,0.703327,-0.707936), fov = -33.0000 },
	{ cf = CFrame.new(0.000000,0.000000,0.000000,-0.870915,0.306164,0.384410,0.487350,0.638708,0.595434,-0.063226,0.705915,-0.705469), fov = -33.0000 },
	{ cf = CFrame.new(0.000000,0.000000,0.000000,-0.866621,0.311221,0.390013,0.495090,0.633589,0.594517,-0.062082,0.708313,-0.703164), fov = -33.0000 },
	{ cf = CFrame.new(0.000000,0.000000,0.000000,-0.862407,0.316079,0.395409,0.502514,0.628825,0.593345,-0.061099,0.710404,-0.701137), fov = -33.0000 },
	{ cf = CFrame.new(0.000000,0.000000,0.000000,-0.859253,0.319526,0.399483,0.507941,0.625526,0.592211,-0.060660,0.711773,-0.699786), fov = -33.0000 },
	{ cf = CFrame.new(0.000000,0.000000,0.000000,-0.854025,0.325053,0.406180,0.516721,0.620570,0.589824,-0.060339,0.713606,-0.697944), fov = -33.0000 },
	{ cf = CFrame.new(0.000000,0.000000,0.000000,-0.849837,0.329299,0.411508,0.523555,0.617177,0.587353,-0.060558,0.714601,-0.696906), fov = -33.0000 },
	{ cf = CFrame.new(0.000000,0.000000,0.000000,-0.845650,0.333293,0.416884,0.530194,0.614416,0.584284,-0.061402,0.715129,-0.696290), fov = -33.0000 },
	{ cf = CFrame.new(0.000000,0.000000,0.000000,-0.841505,0.337154,0.422133,0.536567,0.612654,0.580303,-0.062970,0.714830,-0.696457), fov = -33.0000 },
	{ cf = CFrame.new(0.000000,0.000000,0.000000,-0.837446,0.340954,0.427124,0.542607,0.612078,0.575273,-0.065291,0.713520,-0.697586), fov = -33.0000 },
	{ cf = CFrame.new(0.000000,0.000000,0.000000,-0.833534,0.344509,0.431898,0.548211,0.612635,0.569335,-0.068455,0.711331,-0.699516), fov = -33.0000 },
	{ cf = CFrame.new(0.000000,0.000000,0.000000,-0.829898,0.347786,0.436251,0.553217,0.614243,0.562723,-0.072256,0.708344,-0.702160), fov = -33.0000 },
	{ cf = CFrame.new(0.000000,0.000000,0.000000,-0.829898,0.347786,0.436251,0.553217,0.614243,0.562723,-0.072256,0.708344,-0.702160), fov = -33.0000 },
	{ cf = CFrame.new(0.000000,0.000000,0.000000,-0.824507,0.352486,0.442653,0.560135,0.619333,0.550160,-0.080226,0.701556,-0.708084), fov = -33.0000 },
	{ cf = CFrame.new(0.000000,0.000000,0.000000,-0.822032,0.354507,0.445633,0.563006,0.623296,0.542703,-0.085369,0.697013,-0.711959), fov = -33.0000 },
	{ cf = CFrame.new(0.000000,0.000000,0.000000,-0.820179,0.355867,0.447956,0.564856,0.627975,0.535337,-0.090797,0.692103,-0.716066), fov = -33.0000 },
	{ cf = CFrame.new(0.000000,0.000000,0.000000,-0.819007,0.356441,0.449641,0.565614,0.633298,0.528218,-0.096478,0.686938,-0.720284), fov = -33.0000 },
	{ cf = CFrame.new(0.000000,0.000000,0.000000,-0.818592,0.356154,0.450623,0.565195,0.639182,0.521537,-0.102283,0.681616,-0.724526), fov = -33.0000 },
	{ cf = CFrame.new(0.000000,0.000000,0.000000,-0.819009,0.354875,0.450874,0.563506,0.645517,0.515528,-0.108099,0.676292,-0.728659), fov = -33.0000 },
	{ cf = CFrame.new(0.000000,0.000000,0.000000,-0.820367,0.352544,0.450233,0.560405,0.652299,0.510345,-0.113768,0.670983,-0.732693), fov = -33.0000 },
	{ cf = CFrame.new(0.000000,0.000000,0.000000,-0.822589,0.349103,0.448859,0.555981,0.659381,0.506065,-0.119300,0.665840,-0.736494), fov = -33.0000 },
	{ cf = CFrame.new(0.000000,0.000000,0.000000,-0.825653,0.344565,0.446734,0.550219,0.666832,0.502587,-0.124723,0.660765,-0.740158), fov = -33.0000 },
	{ cf = CFrame.new(0.000000,0.000000,0.000000,-0.830467,0.337545,0.443157,0.541396,0.676416,0.499351,-0.131205,0.654618,-0.744487), fov = -33.0000 },
	{ cf = CFrame.new(0.000000,0.000000,0.000000,-0.833975,0.332533,0.440350,0.535065,0.682393,0.498041,-0.134876,0.650969,-0.747026), fov = -33.0000 },
	{ cf = CFrame.new(0.000000,0.000000,0.000000,-0.839107,0.325071,0.436151,0.525747,0.690425,0.496894,-0.139604,0.646252,-0.750246), fov = -33.0000 },
	{ cf = CFrame.new(0.000000,0.000000,0.000000,-0.844743,0.316799,0.431332,0.515413,0.698570,0.496336,-0.144077,0.641590,-0.753395), fov = -33.0000 },
	{ cf = CFrame.new(0.000000,0.000000,0.000000,-0.850854,0.307629,0.425926,0.504030,0.706786,0.496395,-0.148332,0.637039,-0.756425), fov = -33.0000 },
	{ cf = CFrame.new(0.000000,0.000000,0.000000,-0.858931,0.295226,0.418425,0.488639,0.716948,0.497210,-0.153200,0.631528,-0.760068), fov = -33.0000 },
	{ cf = CFrame.new(0.000000,0.000000,0.000000,-0.865780,0.284399,0.411754,0.475231,0.725048,0.498459,-0.156780,0.627234,-0.762887), fov = -33.0000 },
	{ cf = CFrame.new(0.000000,0.000000,0.000000,-0.874617,0.270020,0.402659,0.457398,0.734913,0.500690,-0.160723,0.622087,-0.766274), fov = -33.0000 },
	{ cf = CFrame.new(0.000000,0.000000,0.000000,-0.879959,0.261001,0.396927,0.446236,0.740712,0.502214,-0.162931,0.619051,-0.768264), fov = -33.0000 },
	{ cf = CFrame.new(0.000000,0.000000,0.000000,-0.885389,0.251644,0.390846,0.434632,0.746348,0.504044,-0.164868,0.616149,-0.770181), fov = -33.0000 },
	{ cf = CFrame.new(0.000000,0.000000,0.000000,-0.894367,0.235548,0.380295,0.414686,0.755384,0.507376,-0.167758,0.611483,-0.773270), fov = -33.0000 },
	{ cf = CFrame.new(0.000000,0.000000,0.000000,-0.901517,0.222212,0.371335,0.398100,0.762279,0.510339,-0.169657,0.607908,-0.775670), fov = -33.0000 },
	{ cf = CFrame.new(0.000000,0.000000,0.000000,-0.908495,0.208673,0.362068,0.381224,0.768758,0.513497,-0.171190,0.604538,-0.777964), fov = -33.0000 },
	{ cf = CFrame.new(0.000000,0.000000,0.000000,-0.915334,0.194859,0.352410,0.363936,0.774893,0.516809,-0.172376,0.601308,-0.780202), fov = -33.0000 },
	{ cf = CFrame.new(0.000000,0.000000,0.000000,-0.921918,0.181027,0.342484,0.346535,0.780550,0.520246,-0.173147,0.598307,-0.782336), fov = -33.0000 },
	{ cf = CFrame.new(0.000000,0.000000,0.000000,-0.921918,0.181027,0.342484,0.346535,0.780550,0.520246,-0.173147,0.598307,-0.782336), fov = -33.0000 },
	{ cf = CFrame.new(0.000000,0.000000,0.000000,-0.932778,0.156764,0.324577,0.315857,0.789335,0.526484,-0.173666,0.593613,-0.785789), fov = -33.0000 },
	{ cf = CFrame.new(0.000000,0.000000,0.000000,-0.939924,0.139712,0.311487,0.294072,0.794785,0.530885,-0.173394,0.590591,-0.788122), fov = -33.0000 },
	{ cf = CFrame.new(0.000000,0.000000,0.000000,-0.945266,0.126318,0.300860,0.276839,0.798522,0.534530,-0.172722,0.588562,-0.789786), fov = -33.0000 },
	{ cf = CFrame.new(0.000000,0.000000,0.000000,-0.950253,0.113337,0.290127,0.259926,0.801790,0.538118,-0.171632,0.586760,-0.791363), fov = -33.0000 },
	{ cf = CFrame.new(0.000000,0.000000,0.000000,-0.954858,0.100719,0.279467,0.243393,0.804615,0.541622,-0.170311,0.585193,-0.792807), fov = -33.0000 },
	{ cf = CFrame.new(0.000000,0.000000,0.000000,-0.959114,0.088714,0.268758,0.227375,0.806980,0.545053,-0.168528,0.583877,-0.794157), fov = -33.0000 },
	{ cf = CFrame.new(0.000000,0.000000,0.000000,-0.962048,0.080246,0.260816,0.215902,0.808359,0.547669,-0.166885,0.583195,-0.795005), fov = -33.0000 },
	{ cf = CFrame.new(0.000000,0.000000,0.000000,-0.966540,0.066709,0.247692,0.197342,0.810263,0.551842,-0.163883,0.582257,-0.796316), fov = -33.0000 },
	{ cf = CFrame.new(0.000000,0.000000,0.000000,-0.969745,0.056932,0.237389,0.183508,0.811313,0.555064,-0.160995,0.581833,-0.797215), fov = -33.0000 },
	{ cf = CFrame.new(0.000000,0.000000,0.000000,-0.972627,0.048099,0.227340,0.170639,0.811928,0.558262,-0.157731,0.581773,-0.797910), fov = -33.0000 },
	{ cf = CFrame.new(0.000000,0.000000,0.000000,-0.975222,0.040060,0.217571,0.158611,0.812203,0.561400,-0.154222,0.581998,-0.798432), fov = -33.0000 },
	{ cf = CFrame.new(0.000000,0.000000,0.000000,-0.977560,0.032913,0.208071,0.147482,0.812205,0.564422,-0.150420,0.582443,-0.798833), fov = -33.0000 },
	{ cf = CFrame.new(0.000000,0.000000,0.000000,-0.979686,0.026729,0.198750,0.137266,0.811902,0.567427,-0.146198,0.583182,-0.799078), fov = -33.0000 },
	{ cf = CFrame.new(0.000000,0.000000,0.000000,-0.981606,0.021185,0.189741,0.127774,0.811340,0.570440,-0.141860,0.584191,-0.799123), fov = -33.0000 },
	{ cf = CFrame.new(0.000000,0.000000,0.000000,-0.983372,0.016353,0.180868,0.118947,0.810578,0.573423,-0.137230,0.585402,-0.799045), fov = -33.0000 },
	{ cf = CFrame.new(0.000000,0.000000,0.000000,-0.984968,0.012254,0.172301,0.110909,0.809579,0.576438,-0.132428,0.586883,-0.798769), fov = -33.0000 },
	{ cf = CFrame.new(0.000000,0.000000,0.000000,-0.986413,0.008905,0.164044,0.103648,0.808456,0.579359,-0.127463,0.588490,-0.798394), fov = -33.0000 },
	{ cf = CFrame.new(0.000000,0.000000,0.000000,-0.987745,0.006107,0.155955,0.096929,0.807178,0.582296,-0.122327,0.590277,-0.797878), fov = -33.0000 },
	{ cf = CFrame.new(0.000000,0.000000,0.000000,-0.989259,0.003549,0.146129,0.089451,0.805356,0.586003,-0.115606,0.592781,-0.797023), fov = -33.0000 },
	{ cf = CFrame.new(0.000000,0.000000,0.000000,-0.989815,0.002757,0.142335,0.086722,0.804570,0.587492,-0.112899,0.593851,-0.796614), fov = -33.0000 },
	{ cf = CFrame.new(0.000000,0.000000,0.000000,-0.991110,0.001256,0.133038,0.080373,0.802522,0.591184,-0.106023,0.596621,-0.795489), fov = -33.0000 },
	{ cf = CFrame.new(0.000000,0.000000,0.000000,-0.992052,0.000620,0.125830,0.075867,0.800738,0.594191,-0.100388,0.599015,-0.794420), fov = -33.0000 },
	{ cf = CFrame.new(0.000000,0.000000,0.000000,-0.992905,0.000388,0.118910,0.071831,0.798881,0.597184,-0.094764,0.601489,-0.793241), fov = -33.0000 },
	{ cf = CFrame.new(0.000000,0.000000,0.000000,-0.992905,0.000388,0.118910,0.071831,0.798881,0.597184,-0.094764,0.601489,-0.793241), fov = -33.0000 },
	{ cf = CFrame.new(0.000000,0.000000,0.000000,-0.994399,0.001188,0.105685,0.065048,0.795007,0.603103,-0.083303,0.606599,-0.790631), fov = -33.0000 },
	{ cf = CFrame.new(0.000000,0.000000,0.000000,-0.994893,0.001757,0.100919,0.062808,0.793463,0.605369,-0.079012,0.608616,-0.789521), fov = -33.0000 },
	{ cf = CFrame.new(0.000000,0.000000,0.000000,-0.995493,0.002823,0.094788,0.060169,0.791392,0.608341,-0.073297,0.611303,-0.787995), fov = -33.0000 },
	{ cf = CFrame.new(0.000000,0.000000,0.000000,-0.996036,0.004083,0.088855,0.057770,0.789271,0.611321,-0.067634,0.614031,-0.786379), fov = -33.0000 },
	{ cf = CFrame.new(0.000000,0.000000,0.000000,-0.996644,0.005908,0.081641,0.055048,0.786538,0.615083,-0.060580,0.617513,-0.784224), fov = -33.0000 },
	{ cf = CFrame.new(0.000000,0.000000,0.000000,-0.997068,0.007634,0.076140,0.053198,0.784383,0.617992,-0.055005,0.620230,-0.782489), fov = -33.0000 },
	{ cf = CFrame.new(0.000000,0.000000,0.000000,-0.997445,0.009225,0.070835,0.051331,0.782174,0.620943,-0.049678,0.622992,-0.780649), fov = -33.0000 },
	{ cf = CFrame.new(0.000000,0.000000,0.000000,-0.997785,0.011015,0.065601,0.049627,0.779954,0.623866,-0.044293,0.625740,-0.778773), fov = -33.0000 },
	{ cf = CFrame.new(0.000000,0.000000,0.000000,-0.998078,0.012854,0.060628,0.048088,0.777728,0.626759,-0.039096,0.628469,-0.776851), fov = -33.0000 },
	{ cf = CFrame.new(0.000000,0.000000,0.000000,-0.998332,0.014646,0.055841,0.046592,0.775553,0.629560,-0.034087,0.631112,-0.774942), fov = -33.0000 },
	{ cf = CFrame.new(0.000000,0.000000,0.000000,-0.998556,0.016378,0.051155,0.045079,0.773376,0.632343,-0.029205,0.633737,-0.772997), fov = -33.0000 },
	{ cf = CFrame.new(0.000000,0.000000,0.000000,-0.998749,0.017973,0.046663,0.043552,0.771196,0.635106,-0.024572,0.636344,-0.771014), fov = -33.0000 },
	{ cf = CFrame.new(0.000000,0.000000,0.000000,-0.998917,0.019423,0.042280,0.041949,0.769071,0.637785,-0.020129,0.638868,-0.769053), fov = -33.0000 },
	{ cf = CFrame.new(0.000000,0.000000,0.000000,-0.999061,0.020650,0.038099,0.040274,0.767002,0.640379,-0.015998,0.641312,-0.767113), fov = -33.0000 },
	{ cf = CFrame.new(0.000000,0.000000,0.000000,-0.999189,0.021634,0.033947,0.038406,0.764991,0.642895,-0.012061,0.643678,-0.765202), fov = -33.0000 },
	{ cf = CFrame.new(0.000000,0.000000,0.000000,-0.999301,0.022305,0.030005,0.036409,0.762982,0.645393,-0.008497,0.646035,-0.763261), fov = -33.0000 },
	{ cf = CFrame.new(0.000000,0.000000,0.000000,-0.999425,0.022738,0.025141,0.033614,0.760643,0.648300,-0.004382,0.648772,-0.760970), fov = -33.0000 },
	{ cf = CFrame.new(0.000000,0.000000,0.000000,-0.999492,0.022755,0.022299,0.031787,0.759309,0.649953,-0.002142,0.650332,-0.759647), fov = -33.0000 },
	{ cf = CFrame.new(0.000000,0.000000,0.000000,-0.999576,0.022365,0.018637,0.029108,0.757534,0.652146,0.000467,0.652412,-0.757864), fov = -33.0000 },
	{ cf = CFrame.new(0.000000,0.000000,0.000000,-0.999657,0.021472,0.015020,0.026065,0.755934,0.654128,0.002691,0.654295,-0.756234), fov = -33.0000 },
	{ cf = CFrame.new(0.000000,0.000000,0.000000,-0.999731,0.020158,0.011441,0.022719,0.754392,0.656031,0.004593,0.656115,-0.754647), fov = -33.0000 },
	{ cf = CFrame.new(0.000000,0.000000,0.000000,-0.999801,0.018261,0.008000,0.019016,0.752964,0.657787,0.005988,0.657808,-0.753162), fov = -33.0000 },
	{ cf = CFrame.new(0.000000,0.000000,0.000000,-0.999865,0.015770,0.004609,0.014894,0.751591,0.659462,0.006936,0.659441,-0.751724), fov = -33.0000 },
	{ cf = CFrame.new(0.000000,0.000000,0.000000,-0.999865,0.015770,0.004609,0.014894,0.751591,0.659462,0.006936,0.659441,-0.751724), fov = -33.0000 },
	{ cf = CFrame.new(0.000000,0.000000,0.000000,-0.999958,0.008917,-0.002022,0.005343,0.749332,0.662173,0.007420,0.662134,-0.749349), fov = -33.0000 },
	{ cf = CFrame.new(0.000000,0.000000,0.000000,-0.999974,0.005574,-0.004511,0.001182,0.748578,0.663046,0.007072,0.663024,-0.748565), fov = -33.0000 },
	{ cf = CFrame.new(0.000000,0.000000,0.000000,-0.999974,0.005574,-0.004511,0.001182,0.748578,0.663046,0.007072,0.663024,-0.748565), fov = -33.0000 },
	{ cf = CFrame.new(0.000000,0.000000,0.000000,-0.999926,-0.005143,-0.011068,-0.011201,0.746914,0.664827,0.004847,0.664901,-0.746916), fov = -33.0000 },
	{ cf = CFrame.new(0.000000,0.000000,0.000000,-0.999831,-0.011555,-0.014315,-0.018152,0.746191,0.665484,0.002992,0.665631,-0.746275), fov = -33.0000 },
	{ cf = CFrame.new(0.000000,0.000000,0.000000,-0.999621,-0.020426,-0.018479,-0.027544,0.745343,0.666112,0.000167,0.666368,-0.745623), fov = -33.0000 },
	{ cf = CFrame.new(0.000000,0.000000,0.000000,-0.999366,-0.028002,-0.021979,-0.035523,0.744672,0.666484,-0.002296,0.666843,-0.745195), fov = -33.0000 },
	{ cf = CFrame.new(0.000000,0.000000,0.000000,-0.999031,-0.035839,-0.025547,-0.043739,0.743933,0.666822,-0.004893,0.667293,-0.744779), fov = -33.0000 },
	{ cf = CFrame.new(0.000000,0.000000,0.000000,-0.998605,-0.043943,-0.029270,-0.052254,0.743060,0.667182,-0.007569,0.667781,-0.744319), fov = -33.0000 },
	{ cf = CFrame.new(0.000000,0.000000,0.000000,-0.998094,-0.051977,-0.033265,-0.060892,0.742060,0.667562,-0.010013,0.668316,-0.743811), fov = -33.0000 },
