return {
	[1] = CFrame.new(1.61986,2.53391,16.9753, 0.999958,-0.00133117,0.00903531, 0,0.989321,0.145755, -0.00913285,-0.145749,0.989279),
	[2] = CFrame.new(1.22707,1.89752,12.7531, 0.999964,-0.00065341,0.00848478, -0.000280514,0.993975,0.109605, -0.00850523,-0.109604,0.993939),
	[3] = CFrame.new(0.947708,1.41663,9.61343, 0.999948,0.000146519,0.0101619, -0.000984844,0.996587,0.082542, -0.0101152,-0.0825477,0.996536),
	[4] = CFrame.new(0.759506,1.05084,7.29656, 0.999896,0.00123232,0.0143478, -0.00212555,0.998048,0.0624085, -0.0142429,-0.0624325,0.997948),
	[5] = CFrame.new(0.65625,0.767487,5.62616, 0.999738,0.00295029,0.0226966, -0.00402929,0.998856,0.0476422, -0.0225302,-0.0477211,0.998607),
	[6] = CFrame.new(0.627518,0.543335,4.45984, 0.99935,0.00544239,0.0356498, -0.00676165,0.999293,0.0369906, -0.0354232,-0.0372076,0.998679),
	[7] = CFrame.new(0.665527,0.361023,3.69079, 0.998527,0.00879738,0.0535327, -0.0103869,0.999511,0.0294875, -0.0532471,-0.0300001,0.998131),
	[8] = CFrame.new(0.730537,0.236023,2.97081, 0.99732,0.012204,0.0721439, -0.0139435,0.999623,0.0236584, -0.0718279,-0.024601,0.997114),
	[9] = CFrame.new(0.824905,0.156921,2.25182, 0.995578,0.0158454,0.0925925, -0.0176795,0.999663,0.019022, -0.0922598,-0.0205749,0.995522),
	[10] = CFrame.new(0.923058,0.106354,1.60518, 0.993545,0.0192487,0.111796, -0.0210941,0.99966,0.015348, -0.111462,-0.0176071,0.993613),
	[11] = CFrame.new(1.03317,0.0801392,0.976994, 0.991076,0.0226683,0.131353, -0.0244989,0.999624,0.0123369, -0.131024,-0.0154449,0.991259),
	[12] = CFrame.new(1.15225,0.0722046,0.362659, 0.988166,0.0260943,0.151155, -0.0278951,0.999563,0.00980495, -0.150833,-0.0139054,0.988461),
	[13] = CFrame.new(1.27805,0.0779419,-0.241287, 0.984808,0.0295195,0.171118, -0.0312824,0.999482,0.00761413, -0.170804,-0.0128514,0.985221),
	[14] = CFrame.new(1.40891,0.0939636,-0.837456, 0.981003,0.0329389,0.191175, -0.0346593,0.999383,0.00566127, -0.190871,-0.0121797,0.98154),
	[15] = CFrame.new(1.54355,0.117706,-1.42777, 0.97675,0.036349,0.211275, -0.0380239,0.999269,0.00386918, -0.21098,-0.0118127,0.977419),
	[16] = CFrame.new(1.64477,0.147217,-2.04169, 0.971815,0.0397457,0.232372, -0.0413751,0.999141,0.00214009, -0.232087,-0.0116942,0.972625),
	[17] = CFrame.new(1.72092,0.181061,-2.6733, 0.966197,0.0431281,0.254171, -0.044707,0.999,0.000436028, -0.253898,-0.0117845,0.967159),
	[18] = CFrame.new(1.77829,0.21814,-3.31818, 0.959905,0.0464937,0.276442, -0.048014,0.998846,-0.0012704, -0.276182,-0.0120536,0.96103),
	[19] = CFrame.new(1.82154,0.25766,-3.97303, 0.952947,0.0498409,0.299012, -0.0512917,0.998679,-0.00299942, -0.298767,-0.0124785,0.954245),
	[20] = CFrame.new(1.85423,0.299011,-4.63533, 0.945332,0.0531679,0.321746, -0.0545362,0.9985,-0.00476567, -0.321517,-0.0130417,0.946814),
	[21] = CFrame.new(1.87875,0.330841,-5.23333, 0.937855,0.0535331,0.342873, -0.0569798,0.998375,-2.12938e-05, -0.342317,-0.0195168,0.939382),
	[22] = CFrame.new(1.89713,0.355743,-5.80843, 0.929663,0.0499049,0.365015, -0.0576673,0.998282,0.0103888, -0.363869,-0.0307075,0.930944),
	[23] = CFrame.new(1.91093,0.375031,-6.31571, 0.920645,0.0421631,0.388118, -0.0543942,0.998308,0.0205761, -0.386594,-0.0400547,0.92138),
	[24] = CFrame.new(1.92127,0.39032,-6.79745, 0.909809,0.0297001,0.413963, -0.0469493,0.998399,0.0315545, -0.412363,-0.0481439,0.909747),
	[25] = CFrame.new(1.92902,0.402802,-7.28535, 0.904069,0.0163884,0.427073, -0.0384377,0.998333,0.0430588, -0.425655,-0.0553438,0.903191),
	[26] = CFrame.new(1.93484,0.412994,-7.75256, 0.925646,0.0175765,0.377982, -0.0396902,0.99792,0.0507937, -0.376303,-0.0620192,0.924418),
	[27] = CFrame.new(1.93921,0.421448,-8.20423, 0.950279,0.0272262,0.310208, -0.0464129,0.997427,0.0546375, -0.307923,-0.0663185,0.949097),
	[28] = CFrame.new(1.94247,0.428406,-8.61894, 0.951719,0.0339574,0.305087, -0.0523894,0.997249,0.0524308, -0.302467,-0.0658827,0.95088),
	[29] = CFrame.new(1.94493,0.433624,-9.07352, 0.95005,0.041825,0.309281, -0.0578049,0.997415,0.0426818, -0.306697,-0.0584279,0.950012),
	[30] = CFrame.new(1.94678,0.437561,-9.55798, 0.945944,0.0506595,0.320349, -0.062649,0.997664,0.0272243, -0.318222,-0.0458222,0.946908),
	[31] = CFrame.new(1.94815,0.440491,-10.0649, 0.947344,0.0558261,0.315313, -0.0663157,0.997542,0.022628, -0.313275,-0.0423467,0.948718),
	[32] = CFrame.new(1.95188,0.448425,-11.9502, 0.965188,0.0646937,0.253429, -0.076238,0.99644,0.0359887, -0.250198,-0.0540567,0.966684),
	[33] = CFrame.new(1.95225,0.449219,-12.6555, 0.963338,0.0688257,0.259313, -0.0774188,0.996732,0.0230596, -0.256879,-0.0422899,0.965518),
	[34] = CFrame.new(1.95229,0.44931,-13.2427, 0.95957,0.0726221,0.271939, -0.0775684,0.996959,0.00746869, -0.270569,-0.0282606,0.962286),
	[35] = CFrame.new(1.95229,0.44931,-13.6459, 0.966019,0.070909,0.248553, -0.0776984,0.996822,0.0175999, -0.246515,-0.036314,0.968458),
	[36] = CFrame.new(1.94578,0.456299,-14.1679, 0.968284,0.0699826,0.23985, -0.0773373,0.996776,0.0213781, -0.237581,-0.0392494,0.970574),
	[37] = CFrame.new(1.93862,0.463989,-14.7016, 0.970109,0.0691418,0.232611, -0.0769187,0.996736,0.0245189, -0.230156,-0.041678,0.972261),
	[38] = CFrame.new(1.9314,0.471741,-15.2366, 0.971844,0.0683251,0.225503, -0.0764746,0.99669,0.0275938, -0.222871,-0.0440621,0.973851),
	[39] = CFrame.new(1.92417,0.479492,-15.7717, 0.973521,0.0675267,0.218396, -0.0760081,0.996636,0.0306598, -0.215591,-0.0464479,0.975378),
	[40] = CFrame.new(1.91694,0.487274,-16.3068, 0.975145,0.0667462,0.211277, -0.0755194,0.996574,0.0337226, -0.208302,-0.0488399,0.976844),
	[41] = CFrame.new(1.90971,0.495026,-16.8419, 0.976714,0.0659837,0.204145, -0.0750086,0.996504,0.0367824, -0.201004,-0.0512385,0.978249),
	[42] = CFrame.new(1.89783,0.507782,-17.2675, 0.976193,0.0656445,0.206732, -0.0744605,0.996604,0.0351478, -0.203723,-0.0497044,0.977766),
	[43] = CFrame.new(1.88549,0.521057,-17.6822, 0.975452,0.0653537,0.210291, -0.0739027,0.996718,0.0330462, -0.207441,-0.047776,0.97708),
	[44] = CFrame.new(1.87309,0.534363,-18.0958, 0.974676,0.0650746,0.213945, -0.0733363,0.996828,0.0308999, -0.211255,-0.0458073,0.976357),
	[45] = CFrame.new(1.85792,0.550659,-18.6023, 0.973703,0.0647436,0.218429, -0.0726312,0.996958,0.028268, -0.215934,-0.0433894,0.975443),
	[46] = CFrame.new(1.84802,0.561249,-18.9321, 0.973057,0.0645344,0.221348, -0.0721659,0.997039,0.0265563, -0.218978,-0.0418145,0.974833),
	[47] = CFrame.new(1.83308,0.577301,-19.4302, 0.972065,0.0642275,0.225753, -0.0714529,0.997156,0.0239732, -0.223571,-0.0394343,0.97389),
	[48] = CFrame.new(1.82323,0.587891,-19.7591, 0.971398,0.0640309,0.22866, -0.0709757,0.997229,0.0222696, -0.2266,-0.0378619,0.973252),
	[49] = CFrame.new(1.99577,0.598175,-20.9336, 0.96619,0.0689011,0.248456, -0.0758393,0.996949,0.0184507, -0.246427,-0.0366696,0.968467),
	[50] = CFrame.new(2.18655,0.608429,-22.1927, 0.960045,0.074299,0.269804, -0.0811499,0.996599,0.0143111, -0.267823,-0.0356338,0.962809),
	[51] = CFrame.new(2.37914,0.618652,-23.4602, 0.953342,0.079767,0.291162, -0.0864187,0.996208,0.0100358, -0.289258,-0.0347294,0.956621),
	[52] = CFrame.new(2.57193,0.628906,-24.7286, 0.946127,0.0852564,0.312369, -0.0915948,0.99578,0.00564624, -0.310569,-0.0339534,0.949944),
	[53] = CFrame.new(2.76473,0.63913,-25.997, 0.938408,0.0907595,0.333396, -0.0966708,0.995316,0.00114676, -0.33173,-0.0333057,0.942786),
	[54] = CFrame.new(2.95754,0.649384,-27.2655, 0.93019,0.0962726,0.35423, -0.101644,0.994815,-0.00346005, -0.352727,-0.0327867,0.935152),
	[55] = CFrame.new(3.19571,0.581207,-28.3028, 0.92271,0.101324,0.37194, -0.106328,0.994306,-0.00708982, -0.37054,-0.0330059,0.92823),
	[56] = CFrame.new(3.43842,0.505249,-29.317, 0.914995,0.10632,0.389204, -0.110924,0.993771,-0.0106963, -0.387917,-0.033385,0.921089),
	[57] = CFrame.new(3.68158,0.428467,-30.3288, 0.906944,0.1113,0.406283, -0.115447,0.99321,-0.0143746, -0.405124,-0.0338671,0.913634),
	[58] = CFrame.new(3.92479,0.351654,-31.3404, 0.898548,0.116265,0.423196, -0.119897,0.992621,-0.0181331, -0.422181,-0.0344465,0.905857),
	[59] = CFrame.new(4.16799,0.27478,-32.352, 0.889809,0.121215,0.439939, -0.124273,0.992005,-0.0219712, -0.439084,-0.0351225,0.897759),
	[60] = CFrame.new(4.46133,0.115631,-33.4626, 0.880967,0.126151,0.456052, -0.128705,0.991352,-0.0256017, -0.455338,-0.0361417,0.889585),
	[61] = CFrame.new(4.7597,-0.0517578,-34.5832, 0.871829,0.131064,0.471949, -0.133079,0.990673,-0.0292812, -0.471385,-0.0372782,0.881139),
	[62] = CFrame.new(5.05856,-0.219971,-35.7047, 0.86238,0.13595,0.487665, -0.137383,0.989967,-0.0330342, -0.487264,-0.038509,0.872405),
	[63] = CFrame.new(5.35747,-0.388214,-36.8262, 0.852621,0.140809,0.5032, -0.141615,0.989235,-0.0368619, -0.502973,-0.0398316,0.863384),
	[64] = CFrame.new(5.65638,-0.556519,-37.9479, 0.842555,0.145638,0.518546, -0.145773,0.988478,-0.0407631, -0.518508,-0.041245,0.854077),
	[65] = CFrame.new(5.95529,-0.724823,-39.0695, 0.832186,0.150435,0.5337, -0.149856,0.987695,-0.0447366, -0.533863,-0.0427488,0.84449),
	[66] = CFrame.new(6.14439,-0.773041,-39.7256, 0.826714,0.152969,0.541428, -0.152088,0.987263,-0.0467051, -0.541676,-0.0437331,0.839449),
	[67] = CFrame.new(6.3225,-0.809235,-40.3352, 0.821686,0.15527,0.548383, -0.154125,0.986861,-0.048485, -0.548706,-0.0446797,0.834821),
	[68] = CFrame.new(6.49953,-0.844238,-40.9401, 0.816646,0.15754,0.555221, -0.156127,0.986457,-0.0502607, -0.55562,-0.0456398,0.830183),
	[69] = CFrame.new(6.67643,-0.87915,-41.5445, 0.811548,0.159798,0.562009, -0.158112,0.986048,-0.0520505, -0.562486,-0.0466187,0.825492),
	[70] = CFrame.new(6.85332,-0.914032,-42.1489, 0.806388,0.162045,0.568752, -0.16008,0.985634,-0.0538561, -0.569308,-0.0476168,0.820744),
	[71] = CFrame.new(7.12495,-0.932465,-43.9503, 0.77078,0.15953,0.616804, -0.163292,0.98527,-0.0507742, -0.615819,-0.0615837,0.785477),
	[72] = CFrame.new(7.40604,-0.949249,-45.8714, 0.729054,0.155708,0.66651, -0.166902,0.984828,-0.0475089, -0.663796,-0.0766052,0.743981),
	[73] = CFrame.new(7.68809,-0.965881,-47.8045, 0.683912,0.150972,0.713773, -0.170793,0.9843,-0.0445437, -0.709291,-0.0914434,0.698959),
	[74] = CFrame.new(7.97022,-0.982483,-49.7387, 0.635825,0.145389,0.758016, -0.174928,0.983688,-0.0419432, -0.751749,-0.105929,0.650886),
	[75] = CFrame.new(8.25237,-0.999084,-51.6731, 0.58503,0.13899,0.799013, -0.179276,0.982996,-0.0397296, -0.790949,-0.120001,0.6),
	[76] = CFrame.new(8.53452,-1.01569,-53.6076, 0.531749,0.131804,0.836583, -0.183808,0.98223,-0.0379189, -0.826715,-0.133608,0.546527),
	[77] = CFrame.new(8.81667,-1.03229,-55.542, 0.476212,0.123864,0.870563, -0.188494,0.981395,-0.0365243, -0.85889,-0.146703,0.4907),
	[78] = CFrame.new(8.87706,-1.0116,-56.7653, 0.481506,0.093895,0.871399, -0.191511,0.981491,6.47604e-05, -0.855263,-0.166913,0.490575),
	[79] = CFrame.new(8.91526,-0.987183,-57.9176, 0.492815,0.0618493,0.867933, -0.193891,0.980197,0.0402425, -0.848257,-0.188117,0.495048),
	[80] = CFrame.new(8.95125,-0.962372,-59.0627, 0.441663,0.0423963,0.896179, -0.183429,0.98205,0.0439405, -0.87823,-0.183792,0.441512),
	[81] = CFrame.new(8.98701,-0.937531,-60.2071, 0.382077,0.0248108,0.923797, -0.171978,0.984086,0.0446991, -0.907987,-0.175951,0.380264),
	[82] = CFrame.new(9.01469,-0.918274,-61.0939, 0.366131,0.0354918,0.929887, -0.178331,0.983428,0.0326801, -0.913316,-0.177793,0.366392),
	[83] = CFrame.new(9.04159,-0.899567,-61.955, 0.354477,0.0488968,0.933785, -0.186293,0.982305,0.0192817, -0.916319,-0.180792,0.357314),
	[84] = CFrame.new(9.0684,-0.880951,-62.8135, 0.343084,0.0624974,0.937224, -0.194258,0.980934,0.00569869, -0.918998,-0.184018,0.348683),
	[85] = CFrame.new(9.0952,-0.862305,-63.6718, 0.331549,0.0760368,0.940369, -0.202062,0.97934,-0.00794628, -0.921545,-0.187378,0.340064),
	[86] = CFrame.new(9.0817,-0.827942,-64.7077, 0.321544,0.0719928,0.944154, -0.204291,0.978897,-0.00506791, -0.924594,-0.191253,0.329466),
	[87] = CFrame.new(9.06416,-0.792023,-65.7614, 0.311665,0.0661629,0.947885, -0.206017,0.978548,-0.000564739, -0.927589,-0.195104,0.31861),
	[88] = CFrame.new(9.04623,-0.75592,-66.8169, 0.301767,0.0601276,0.951484, -0.207736,0.978176,0.00406998, -0.930474,-0.198886,0.307672),
	[89] = CFrame.new(9.02826,-0.719818,-67.8726, 0.291836,0.0540457,0.95494, -0.209498,0.97777,0.00868605, -0.933243,-0.202593,0.296671),
	[90] = CFrame.new(9.01028,-0.683716,-68.9283, 0.281872,0.0479342,0.958254, -0.211307,0.97733,0.0132677, -0.935894,-0.206225,0.28561),
	[91] = CFrame.new(8.9923,-0.647614,-69.984, 0.271876,0.0417956,0.961424, -0.213162,0.976854,0.0178128, -0.938427,-0.209782,0.274493),
	[92] = CFrame.new(8.97432,-0.611542,-71.0396, 0.261851,0.0356309,0.96445, -0.215064,0.976345,0.0223202, -0.940841,-0.213263,0.26332),
	[93] = CFrame.new(8.95634,-0.575439,-72.0953, 0.251798,0.0294412,0.967332, -0.217012,0.975801,0.0267895, -0.943135,-0.216668,0.252094),
	[94] = CFrame.new(8.89,-0.523376,-73.2666, 0.249226,0.0230637,0.968171, -0.218644,0.975245,0.0330509, -0.943441,-0.219921,0.248099),
	[95] = CFrame.new(8.81883,-0.469727,-74.4494, 0.247403,0.0166652,0.96877, -0.220253,0.974644,0.0394815, -0.943547,-0.223142,0.2448),
	[96] = CFrame.new(8.74716,-0.415924,-75.6333, 0.245652,0.0102614,0.969304, -0.221869,0.973995,0.0459177, -0.943626,-0.226339,0.241541),
	[97] = CFrame.new(8.67545,-0.362091,-76.8174, 0.243908,0.00385402,0.969791, -0.223497,0.973298,0.0523427, -0.943694,-0.229512,0.238256),
	[98] = CFrame.new(8.60374,-0.308258,-78.0015, 0.242162,-0.00255639,0.970232, -0.225136,0.972554,0.0587546, -0.943754,-0.232662,0.23494),
	[99] = CFrame.new(8.53201,-0.254425,-79.1856, 0.240414,-0.00896964,0.970629, -0.226786,0.971763,0.0651527, -0.943805,-0.235789,0.231591),
	[100] = CFrame.new(8.4603,-0.200592,-80.3697, 0.238665,-0.0153853,0.97098, -0.228448,0.970924,0.0715366, -0.943848,-0.238892,0.228211),
	[101] = CFrame.new(8.38859,-0.146759,-81.5538, 0.236914,-0.0218032,0.971286, -0.230122,0.970039,0.077906, -0.943883,-0.241971,0.224798),
	[102] = CFrame.new(8.37215,-0.121979,-82.4207, 0.234747,-0.0243691,0.971751, -0.231927,0.96941,0.0803374, -0.943983,-0.244234,0.221915),
	[103] = CFrame.new(8.36125,-0.100098,-83.2559, 0.232539,-0.0265534,0.972225, -0.233748,0.968802,0.0823683, -0.94408,-0.246409,0.219078),
	[104] = CFrame.new(8.35091,-0.0784912,-84.088, 0.230327,-0.028703,0.97269, -0.235573,0.968189,0.0843525, -0.944169,-0.248568,0.216239),
	[105] = CFrame.new(8.34061,-0.0569458,-84.9197, 0.228116,-0.0308527,0.973145, -0.237401,0.967568,0.0863254, -0.944248,-0.250718,0.213393),
	[106] = CFrame.new(8.32801,-0.0304871,-85.9385, 0.225407,-0.033491,0.973689, -0.239645,0.966797,0.0887314, -0.944332,-0.25334,0.209897),
	[107] = CFrame.new(8.31981,-0.0133057,-86.6018, 0.223645,-0.0352118,0.974034, -0.241108,0.966289,0.0902918, -0.944378,-0.255041,0.207616),
	[108] = CFrame.new(8.32177,-0.00253296,-87.2809, 0.221427,-0.0382169,0.974428, -0.237859,0.966935,0.0919737, -0.945724,-0.252142,0.205016),
	[109] = CFrame.new(8.32475,0.00756836,-87.9615, 0.219147,-0.0413418,0.974816, -0.234142,0.967679,0.0936761, -0.947181,-0.248774,0.202384),
	[110] = CFrame.new(8.32784,0.0176392,-88.6424, 0.216842,-0.0444704,0.975193, -0.230381,0.968414,0.0953885, -0.948633,-0.24535,0.199748),
	[111] = CFrame.new(8.33092,0.0276794,-89.3232, 0.214519,-0.0475911,0.97556, -0.22662,0.96913,0.0971096, -0.950066,-0.241913,0.197112),
	[112] = CFrame.new(8.33402,0.0377502,-90.0041, 0.266993,-0.07491,0.960783, -0.185941,0.974236,0.12763, -0.94559,-0.212725,0.246185),
	[113] = CFrame.new(8.33713,0.0477905,-90.685, 0.322281,-0.106936,0.940585, -0.13915,0.977455,0.158807, -0.936361,-0.182063,0.300135),
	[114] = CFrame.new(8.34023,0.0578308,-91.3658, 0.273292,-0.0866151,0.958023, -0.170283,0.975853,0.136803, -0.946739,-0.200522,0.251944),
	[115] = CFrame.new(8.34332,0.0679016,-92.0465, 0.211798,-0.062875,0.975289, -0.207174,0.97236,0.107677, -0.955102,-0.22486,0.192918),
	[116] = CFrame.new(8.35287,0.0754089,-92.8222, 0.202838,-0.0644679,0.977088, -0.204037,0.973146,0.106565, -0.957719,-0.220978,0.184237),
	[117] = CFrame.new(8.36308,0.0826416,-93.6074, 0.199185,-0.0684859,0.977566, -0.197012,0.974389,0.108406, -0.959954,-0.214185,0.180591),
	[118] = CFrame.new(8.37333,0.0898132,-94.3936, 0.196016,-0.0727258,0.9779, -0.189602,0.975616,0.110561, -0.962096,-0.207083,0.177448),
	[119] = CFrame.new(8.38359,0.0970154,-95.1798, 0.19285,-0.0769664,0.978205, -0.182156,0.976782,0.112766, -0.964172,-0.199933,0.174352),
	[120] = CFrame.new(8.39385,0.104218,-95.966, 0.189638,-0.0811853,0.978492, -0.174712,0.977881,0.114995, -0.966185,-0.192761,0.171259),
	[121] = CFrame.new(8.40413,0.11142,-96.7523, 0.186376,-0.0853796,0.978762, -0.167272,0.978915,0.117245, -0.968134,-0.185571,0.168164),
	[122] = CFrame.new(8.4144,0.118622,-97.5385, 0.183063,-0.0895486,0.979014, -0.159839,0.979881,0.119516, -0.97002,-0.178363,0.165067),
	[123] = CFrame.new(8.42465,0.125793,-98.3247, 0.179701,-0.0936918,0.97925, -0.152412,0.980782,0.121807, -0.971843,-0.171138,0.161968),
	[124] = CFrame.new(8.43492,0.132996,-99.111, 0.17629,-0.0978087,0.979467, -0.144992,0.981617,0.12412, -0.973601,-0.163896,0.158867),
	[125] = CFrame.new(8.4452,0.140198,-99.8972, 0.172829,-0.101899,0.979667, -0.137581,0.982385,0.126453, -0.975296,-0.156638,0.155765),
	[126] = CFrame.new(8.46191,0.144806,-100.778, 0.168761,-0.106988,0.979834, -0.126765,0.98348,0.129219, -0.977472,-0.146016,0.152411),
	[127] = CFrame.new(8.47926,0.1492,-101.669, 0.164545,-0.112133,0.979975, -0.115617,0.984476,0.132061, -0.97957,-0.135032,0.149026),
	[128] = CFrame.new(8.4967,0.153534,-102.56, 0.160228,-0.11724,0.980093, -0.104448,0.985333,0.134942, -0.981539,-0.12399,0.145632),
	[129] = CFrame.new(8.51411,0.157867,-103.452, 0.155814,-0.122297,0.980187, -0.0932893,0.986049,0.137858, -0.983371,-0.112921,0.142231),
	[130] = CFrame.new(8.53156,0.162201,-104.344, 0.151306,-0.127303,0.980255, -0.0821469,0.986623,0.14081, -0.985068,-0.10183,0.138825),
	[131] = CFrame.new(8.54898,0.166534,-105.235, 0.146705,-0.132256,0.980299, -0.0710229,0.987055,0.143797, -0.986627,-0.0907194,0.135413),
	[132] = CFrame.new(8.56641,0.170898,-106.127, 0.14201,-0.137155,0.980317, -0.0599195,0.987347,0.146819, -0.98805,-0.0795898,0.131995),
	[133] = CFrame.new(8.58384,0.175232,-107.019, 0.137224,-0.141999,0.980309, -0.0488386,0.987498,0.149876, -0.989335,-0.0684435,0.128573),
	[134] = CFrame.new(8.59342,0.177612,-107.823, 0.133556,-0.143644,0.980576, -0.0418801,0.987738,0.150397, -0.990156,-0.061153,0.125902),
	[135] = CFrame.new(8.60223,0.17981,-108.618, 0.129983,-0.144949,0.980864, -0.0353385,0.987951,0.15068, -0.990886,-0.054248,0.123295),
	[136] = CFrame.new(8.61095,0.181976,-109.413, 0.126401,-0.146199,0.981147, -0.0288436,0.98812,0.150954, -0.99156,-0.0473805,0.120683),
	[137] = CFrame.new(8.61967,0.184143,-110.208, 0.1228,-0.147421,0.981421, -0.0223588,0.988244,0.151243, -0.99218,-0.0405161,0.11806),
	[138] = CFrame.new(8.6284,0.18634,-111.002, 0.119178,-0.148618,0.981687, -0.0158809,0.988322,0.15155, -0.992746,-0.0336516,0.115426),
	[139] = CFrame.new(8.6371,0.188507,-111.797, 0.115536,-0.149791,0.981944, -0.00940979,0.988355,0.151876, -0.993259,-0.026787,0.112781),
	[140] = CFrame.new(8.64582,0.190674,-112.591, 0.111874,-0.150938,0.982192, -0.00294582,0.988342,0.152219, -0.993718,-0.0199227,0.110125),
	[141] = CFrame.new(8.65061,0.191864,-113.342, 0.113833,-0.16424,0.97983, 0.00241229,0.986284,0.165041, -0.993497,-0.0164235,0.112668),
	[142] = CFrame.new(8.65501,0.192963,-114.089, 0.116224,-0.178745,0.977007, 0.00769067,0.983806,0.179074, -0.993193,-0.0132989,0.115717),
	[143] = CFrame.new(8.65936,0.194031,-114.835, 0.118532,-0.193352,0.973943, 0.0129892,0.981076,0.193187, -0.992866,-0.0102482,0.118801),
	[144] = CFrame.new(8.66373,0.195129,-115.581, 0.114662,-0.185922,0.975851, 0.0169014,0.982553,0.185213, -0.993261,-0.00474372,0.115804),
	[145] = CFrame.new(8.66808,0.196198,-116.327, 0.11018,-0.176257,0.978158, 0.0207115,0.984344,0.175039, -0.993696,0.000973363,0.112106),
	[146] = CFrame.new(8.67244,0.197296,-117.073, 0.105639,-0.166338,0.980394, 0.0245498,0.986046,0.164652, -0.994101,0.00667484,0.108249),
	[147] = CFrame.new(8.67679,0.198364,-117.819, 0.101094,-0.156365,0.982512, 0.0284285,0.987622,0.154253, -0.994471,0.0123373,0.104288),
	[148] = CFrame.new(8.68115,0.199463,-118.565, 0.0966336,-0.15366,0.983387, 0.0323592,0.987974,0.151196, -0.994794,0.017211,0.100444),
	[149] = CFrame.new(8.68551,0.200531,-119.311, 0.0921799,-0.151666,0.984124, 0.0362977,0.988187,0.148892, -0.995081,0.0219966,0.0965962),
	[150] = CFrame.new(8.68987,0.20163,-120.057, 0.0877266,-0.149726,0.984828, 0.040241,0.988365,0.146679, -0.995331,0.0267628,0.0927309),
	[151] = CFrame.new(8.69422,0.202698,-120.803, 0.0832731,-0.147774,0.98551, 0.0441886,0.988519,0.144492, -0.995547,0.031516,0.088847),
	[152] = CFrame.new(8.69859,0.203796,-121.549, 0.0788205,-0.145804,0.986169, 0.0481406,0.988649,0.142323, -0.995726,0.0362568,0.0849448),
	[153] = CFrame.new(8.70294,0.204895,-122.295, 0.0743681,-0.143815,0.986807, 0.0520966,0.988756,0.140173, -0.995869,0.0409849,0.0810241),
	[154] = CFrame.new(8.7073,0.205963,-123.041, 0.0699165,-0.141807,0.987422, 0.0560566,0.988839,0.138041, -0.995977,0.0457002,0.0770854),
	[155] = CFrame.new(8.70775,0.206085,-123.744, 0.0675112,-0.142233,0.987528, 0.0583427,0.988656,0.138407, -0.996011,0.0482711,0.0750435),
	[156] = CFrame.new(8.70779,0.206085,-124.442, 0.0653075,-0.142898,0.987581, 0.0604581,0.988442,0.139025, -0.996032,0.0506278,0.073192),
	[157] = CFrame.new(8.70779,0.206085,-125.139, 0.0631212,-0.143583,0.987623, 0.0625536,0.98822,0.139672, -0.996043,0.0529632,0.0713593),
	[158] = CFrame.new(8.70779,0.206085,-125.837, 0.060934,-0.144265,0.987661, 0.0646445,0.987993,0.140325, -0.996046,0.0552963,0.0695283),
	[159] = CFrame.new(8.70779,0.206085,-126.534, 0.0587439,-0.144941,0.987695, 0.0667322,0.987761,0.140982, -0.99604,0.0576292,0.0676972),
	[160] = CFrame.new(8.70779,0.206085,-127.232, 0.0565509,-0.145612,0.987724, 0.0688168,0.987523,0.141643, -0.996025,0.059962,0.0658659),
	[161] = CFrame.new(8.70779,0.206085,-127.929, 0.0543548,-0.146278,0.987749, 0.0708983,0.98728,0.142307, -0.996002,0.0622947,0.0640343),
	[162] = CFrame.new(8.70779,0.206085,-128.627, 0.0521559,-0.146938,0.98777, 0.0729768,0.987032,0.142975, -0.995969,0.0646272,0.0622027),
	[163] = CFrame.new(8.70779,0.206085,-129.324, 0.0499545,-0.147593,0.987786, 0.0750521,0.986779,0.143647, -0.995928,0.0669596,0.0603713),
	[164] = CFrame.new(8.70779,0.206085,-130.022, 0.0477499,-0.148242,0.987798, 0.0771243,0.986521,0.144322, -0.995877,0.0692919,0.0585393),
	[165] = CFrame.new(8.70779,0.206085,-130.719, 0.0455427,-0.148886,0.987805, 0.0791934,0.986257,0.145002, -0.995818,0.0716239,0.0567076),
	[166] = CFrame.new(8.70779,0.206085,-131.574, 0.0428346,-0.149667,0.987808, 0.0817236,0.985927,0.145838, -0.995734,0.0744803,0.0544633),
	[167] = CFrame.new(8.70779,0.206085,-132.13, 0.0410694,-0.150171,0.987806, 0.0833684,0.985708,0.146386, -0.995672,0.0763398,0.053002),
	[168] = CFrame.new(8.70779,0.206085,-132.813, 0.0388986,-0.150786,0.987801, 0.0853861,0.985435,0.147062, -0.995588,0.0786239,0.0512071),
	[169] = CFrame.new(8.70779,0.206085,-133.509, 0.0366844,-0.151406,0.987791, 0.0874382,0.985151,0.147754, -0.995494,0.0809503,0.0493784),
	[170] = CFrame.new(8.70779,0.206085,-134.207, 0.0344637,-0.152022,0.987776, 0.0894908,0.984862,0.148451, -0.995391,0.0832806,0.0475467),
	[171] = CFrame.new(8.70779,0.206085,-134.904, 0.0322398,-0.152633,0.987757, 0.0915404,0.984568,0.149152, -0.995279,0.085611,0.0457143),
	[172] = CFrame.new(8.70779,0.206085,-135.602, 0.0300133,-0.153238,0.987733, 0.0935868,0.984268,0.149857, -0.995159,0.0879412,0.0438822),
	[173] = CFrame.new(8.70779,0.206085,-136.299, 0.027784,-0.153838,0.987706, 0.09563,0.983964,0.150565, -0.995029,0.090271,0.0420499),
	[174] = CFrame.new(8.70779,0.206085,-136.997, 0.025552,-0.154432,0.987673, 0.0976698,0.983654,0.151276, -0.994891,0.0926003,0.0402176),
	[175] = CFrame.new(8.7078,0.206085,-137.694, 0.0233175,-0.15502,0.987636, 0.0997062,0.98334,0.151992, -0.994744,0.0949293,0.0383855),
	[176] = CFrame.new(8.70779,0.206085,-138.392, 0.0210804,-0.155603,0.987595, 0.101739,0.98302,0.15271, -0.994588,0.0972579,0.0365533),
	[177] = CFrame.new(8.70779,0.206085,-139.089, 0.018841,-0.15618,0.987549, 0.103769,0.982695,0.153433, -0.994423,0.099586,0.0347216),
	[178] = CFrame.new(8.70779,0.206085,-139.787, 0.0165989,-0.156752,0.987498, 0.105795,0.982366,0.154159, -0.994249,0.101914,0.0328898),
	[179] = CFrame.new(8.7078,0.206085,-140.484, 0.0143544,-0.157318,0.987444, 0.107818,0.982031,0.154888, -0.994067,0.104241,0.0310581),
	[180] = CFrame.new(8.7078,0.206085,-141.182, 0.0121069,-0.157879,0.987384, 0.109837,0.981691,0.155622, -0.993876,0.106568,0.0292262),
	[181] = CFrame.new(8.70779,0.206085,-141.88, 0.00985774,-0.158434,0.98732, 0.111853,0.981347,0.156358, -0.993676,0.108894,0.0273952),
	[182] = CFrame.new(8.70779,0.206085,-142.577, 0.0076052,-0.158983,0.987252, 0.113866,0.980997,0.157098, -0.993467,0.111219,0.0255634),
	[183] = CFrame.new(8.70779,0.206085,-143.275, 0.00535117,-0.159527,0.987179, 0.115874,0.980642,0.157842, -0.993249,0.113544,0.0237326),
	[184] = CFrame.new(8.70779,0.206085,-143.972, 0.00309391,-0.160065,0.987102, 0.11788,0.980282,0.15859, -0.993023,0.115869,0.0219013),
	[185] = CFrame.new(8.70779,0.206085,-144.67, 0.00083481,-0.160597,0.98702, 0.119882,0.979918,0.15934, -0.992788,0.118192,0.0200707),
	[186] = CFrame.new(8.7078,0.206085,-145.367, -0.00142674,-0.161124,0.986933, 0.12188,0.979548,0.160095, -0.992544,0.120516,0.0182402),
	[187] = CFrame.new(8.70779,0.206085,-146.065, -0.0036906,-0.161645,0.986842, 0.123874,0.979174,0.160853, -0.992291,0.122838,0.01641),
	[188] = CFrame.new(8.70779,0.206085,-146.762, -0.0059567,-0.162161,0.986746, 0.125865,0.978795,0.161614, -0.992029,0.12516,0.01458),
	[189] = CFrame.new(8.701,0.206085,-147.363, -0.00778385,-0.162399,0.986694, 0.127374,0.978526,0.16206, -0.991824,0.126941,0.0130689),
	[190] = CFrame.new(8.69352,0.206085,-147.954, -0.00956783,-0.162607,0.986645, 0.128833,0.978266,0.162476, -0.99162,0.128667,0.0115894),
	[191] = CFrame.new(8.68597,0.206085,-148.544, -0.0113482,-0.162809,0.986592, 0.130286,0.978004,0.162891, -0.991412,0.130388,0.0101132),
	[192] = CFrame.new(8.67841,0.206116,-149.134, -0.0131292,-0.163008,0.986538, 0.131736,0.97774,0.163307, -0.991198,0.132107,0.00863712),
	[193] = CFrame.new(8.67085,0.206116,-149.724, -0.0149109,-0.163203,0.98648, 0.133184,0.977474,0.163726, -0.990979,0.133825,0.00716103),
	[194] = CFrame.new(8.66328,0.206116,-150.314, -0.0166934,-0.163395,0.986419, 0.134631,0.977205,0.164147, -0.990755,0.135543,0.00568521),
	[195] = CFrame.new(8.65574,0.206116,-150.904, -0.0184768,-0.163584,0.986356, 0.136075,0.976934,0.16457, -0.990526,0.13726,0.00420917),
	[196] = CFrame.new(8.64818,0.206116,-151.494, -0.0202614,-0.16377,0.986291, 0.137518,0.97666,0.164996, -0.990292,0.138976,0.00273279),
	[197] = CFrame.new(8.64062,0.206116,-152.084, -0.0220465,-0.163952,0.986222, 0.138959,0.976384,0.165423, -0.990053,0.140692,0.00125686),
	[198] = CFrame.new(8.63306,0.206116,-152.674, -0.023833,-0.164132,0.986151, 0.140398,0.976105,0.165853, -0.989808,0.142406,-0.000219622),
	[199] = CFrame.new(8.62551,0.206116,-153.264, -0.0256197,-0.164308,0.986076, 0.141835,0.975824,0.166285, -0.989559,0.144121,-0.00169557),
	[200] = CFrame.new(8.61794,0.206116,-153.854, -0.0274075,-0.164481,0.986, 0.143271,0.97554,0.166719, -0.989304,0.145834,-0.00317173),
	[201] = CFrame.new(8.61039,0.206116,-154.444, -0.029196,-0.164651,0.98592, 0.144704,0.975254,0.167155, -0.989044,0.147547,-0.00464789),
	[202] = CFrame.new(8.60282,0.206116,-155.033, -0.0309857,-0.164817,0.985837, 0.146136,0.974965,0.167593, -0.988779,0.149259,-0.00612429),
	[203] = CFrame.new(8.58848,0.206116,-155.527, -0.0323499,-0.164717,0.98581, 0.147075,0.974805,0.167705, -0.988596,0.150413,-0.00730902),
	[204] = CFrame.new(8.57343,0.206116,-156.01, -0.0336718,-0.164589,0.985787, 0.147965,0.974656,0.167785, -0.988419,0.151511,-0.0084651),
	[205] = CFrame.new(8.55833,0.206116,-156.493, -0.0349893,-0.164457,0.985764, 0.148849,0.974508,0.167862, -0.988241,0.152603,-0.00961815),
	[206] = CFrame.new(8.54322,0.206116,-156.975, -0.0363066,-0.164323,0.985738, 0.149732,0.974359,0.167941, -0.98806,0.153694,-0.0107713),
	[207] = CFrame.new(8.5281,0.206116,-157.457, -0.0376246,-0.164188,0.985712, 0.150614,0.97421,0.168021, -0.987877,0.154784,-0.0119252),
	[208] = CFrame.new(8.51299,0.206116,-157.94, -0.0389415,-0.164051,0.985683, 0.151496,0.974059,0.168101, -0.987691,0.155873,-0.0130782),
	[209] = CFrame.new(8.47446,0.206116,-158.344, -0.0397384,-0.164695,0.985543, 0.151562,0.973917,0.168863, -0.987648,0.156081,-0.0137404),
	[210] = CFrame.new(8.43361,0.206116,-158.739, -0.0404834,-0.165418,0.985392, 0.151545,0.973775,0.169693, -0.987621,0.156201,-0.0143534),
	[211] = CFrame.new(8.39252,0.206116,-159.135, -0.0412233,-0.166147,0.985239, 0.15152,0.973633,0.17053, -0.987594,0.156313,-0.0149617),
	[212] = CFrame.new(8.35139,0.206116,-159.53, -0.0419627,-0.166878,0.985084, 0.151493,0.97349,0.171367, -0.987567,0.156424,-0.0155695),
	[213] = CFrame.new(8.31028,0.206116,-159.925, -0.042702,-0.167608,0.984929, 0.151465,0.973347,0.172204, -0.98754,0.156536,-0.0161771),
	[214] = CFrame.new(8.26917,0.206116,-160.32, -0.0434417,-0.168337,0.984772, 0.151437,0.973203,0.17304, -0.987512,0.156648,-0.0167851),
	[215] = CFrame.new(8.20466,0.206116,-160.636, -0.0436401,-0.169433,0.984575, 0.150587,0.973139,0.174139, -0.987633,0.155864,-0.0169534),
	[216] = CFrame.new(8.13782,0.206116,-160.945, -0.0437836,-0.170564,0.984373, 0.149656,0.973081,0.175264, -0.987768,0.154991,-0.017079),
	[217] = CFrame.new(8.07076,0.206116,-161.253, -0.0439216,-0.171699,0.98417, 0.148716,0.973021,0.176391, -0.987904,0.154109,-0.0172022),
	[218] = CFrame.new(8.00365,0.206116,-161.561, -0.0440584,-0.172835,0.983965, 0.147775,0.972959,0.177518, -0.988039,0.153226,-0.0173265),
	[219] = CFrame.new(7.93654,0.206116,-161.868, -0.0441946,-0.17397,0.983759, 0.146833,0.972896,0.178645, -0.988174,0.152344,-0.0174523),
	[220] = CFrame.new(7.86945,0.206116,-162.176, -0.0443302,-0.175105,0.983551, 0.145891,0.97283,0.179772, -0.988307,0.151461,-0.0175795),
	[221] = CFrame.new(7.81278,0.206116,-162.406, -0.0443161,-0.176763,0.983255, 0.14509,0.972648,0.181396, -0.988426,0.1507,-0.0174573),
	[222] = CFrame.new(7.75715,0.206116,-162.629, -0.0442865,-0.178473,0.982948, 0.144303,0.972452,0.183069, -0.988542,0.14995,-0.0173122),
	[223] = CFrame.new(7.70162,0.206116,-162.85, -0.0442554,-0.180188,0.982636, 0.143518,0.972251,0.184747, -0.988658,0.149202,-0.0171672),
	[224] = CFrame.new(7.63392,0.206116,-163.07, -0.0439948,-0.180808,0.982534, 0.14257,0.972284,0.185306, -0.988806,0.148232,-0.0169975),
	[225] = CFrame.new(7.56498,0.206146,-163.29, -0.0437111,-0.181318,0.982453, 0.141606,0.972339,0.185752, -0.988958,0.147241,-0.0168262),
	[226] = CFrame.new(7.48039,0.206146,-163.559, -0.0433606,-0.181928,0.982355, 0.140424,0.972409,0.186285, -0.989141,0.146023,-0.0166172),
	[227] = CFrame.new(7.42532,0.206146,-163.734, -0.0431323,-0.182325,0.982292, 0.139653,0.972454,0.186631, -0.989261,0.14523,-0.0164818),
	[228] = CFrame.new(7.35765,0.206146,-163.95, -0.0428514,-0.182812,0.982214, 0.138707,0.972507,0.187057, -0.989406,0.144256,-0.016316),
	[229] = CFrame.new(7.28873,0.206146,-164.169, -0.0425653,-0.183307,0.982134, 0.137743,0.972561,0.18749, -0.989553,0.143263,-0.016148),
	[230] = CFrame.new(7.21967,0.206146,-164.389, -0.0422783,-0.183803,0.982053, 0.136777,0.972613,0.187925, -0.989699,0.142268,-0.0159803),
	[231] = CFrame.new(7.15061,0.206146,-164.609, -0.0419912,-0.184299,0.981973, 0.135811,0.972664,0.18836, -0.989845,0.141272,-0.0158134),
	[232] = CFrame.new(7.06931,0.206146,-164.827, -0.0414807,-0.1837,0.982107, 0.134682,0.972954,0.187676, -0.990021,0.140057,-0.0156177),
	[233] = CFrame.new(6.98679,0.206146,-165.045, -0.0409486,-0.182989,0.982262, 0.133535,0.973265,0.18688, -0.990198,0.138819,-0.0154183),
	[234] = CFrame.new(6.90416,0.206146,-165.263, -0.0404162,-0.182267,0.982418, 0.132386,0.973576,0.186073, -0.990374,0.137579,-0.0152186),
	[235] = CFrame.new(6.81479,0.210052,-165.445, -0.0394797,-0.179452,0.982974, 0.131216,0.974291,0.183137, -0.990567,0.136212,-0.0149177),
	[236] = CFrame.new(6.72473,0.214325,-165.623, -0.0385094,-0.176424,0.983561, 0.13004,0.975036,0.179987, -0.990761,0.134834,-0.0146058),
	[237] = CFrame.new(6.63461,0.218658,-165.801, -0.0375419,-0.173371,0.984141, 0.12886,0.975773,0.176813, -0.990952,0.133455,-0.0142916),
	[238] = CFrame.new(6.54449,0.222992,-165.979, -0.0365813,-0.170313,0.984711, 0.127677,0.976498,0.173635, -0.991141,0.132077,-0.0139765),
	[239] = CFrame.new(6.45437,0.227325,-166.158, -0.0356273,-0.16725,0.985271, 0.12649,0.977213,0.170456, -0.991328,0.130699,-0.0136601),
	[240] = CFrame.new(6.31442,0.246918,-166.263, -0.0147735,-0.160982,0.986847, 0.125187,0.978891,0.161558, -0.992023,0.125928,0.00569138),
	[241] = CFrame.new(6.16948,0.268036,-166.361, 0.00806003,-0.154236,0.988002, 0.123653,0.980604,0.152072, -0.992293,0.120943,0.0269753),
	[242] = CFrame.new(6.02406,0.289307,-166.459, 0.0310637,-0.147292,0.988606, 0.12188,0.98226,0.142517, -0.992059,0.116064,0.0484645),
	[243] = CFrame.new(5.87856,0.310608,-166.557, 0.0540448,-0.140182,0.98865, 0.11987,0.983848,0.132948, -0.991317,0.111324,0.0699755),
	[244] = CFrame.new(5.73306,0.331909,-166.654, 0.0769718,-0.132913,0.988134, 0.117624,0.985364,0.123378, -0.990071,0.106731,0.091479),
	[245] = CFrame.new(5.58757,0.35321,-166.752, 0.0998284,-0.125489,0.98706, 0.115141,0.986808,0.113812, -0.988321,0.102289,0.11296),
	[246] = CFrame.new(5.44209,0.374512,-166.849, 0.122602,-0.117915,0.985426, 0.112421,0.988176,0.104257, -0.986068,0.0980006,0.134409),
	[247] = CFrame.new(5.29659,0.395813,-166.947, 0.145278,-0.110193,0.983235, 0.109466,0.989467,0.0947175, -0.983317,0.0938704,0.15581),
	[248] = CFrame.new(5.15109,0.417114,-167.044, 0.167843,-0.102329,0.980488, 0.106275,0.99068,0.0852003, -0.980069,0.0899016,0.177154),
	[249] = CFrame.new(5.00561,0.438385,-167.142, 0.190285,-0.0943268,0.977187, 0.102851,0.991811,0.0757107, -0.976327,0.0860976,0.198428),
	[250] = CFrame.new(4.85849,0.465759,-167.163, 0.221543,-0.0854823,0.971397, 0.0988969,0.992984,0.0648269, -0.970123,0.0817061,0.228443),
	[251] = CFrame.new(4.71122,0.493744,-167.176, 0.253419,-0.0763558,0.964339, 0.0945337,0.994063,0.0538668, -0.962727,0.0775116,0.259133),
	[252] = CFrame.new(4.56391,0.52179,-167.188, 0.285061,-0.067015,0.956164, 0.089781,0.995034,0.042973, -0.954296,0.0735954,0.289662),
	[253] = CFrame.new(4.41663,0.549835,-167.201, 0.316351,-0.0574767,0.946899, 0.084644,0.995892,0.0321717, -0.944858,0.0699719,0.319916),
	[254] = CFrame.new(4.26933,0.577881,-167.213, 0.347244,-0.047752,0.936558, 0.0791264,0.996633,0.0214776, -0.934431,0.0666485,0.349853),
	[255] = CFrame.new(4.12203,0.605927,-167.226, 0.377704,-0.0378519,0.925152, 0.0732318,0.997255,0.0109042, -0.923026,0.063632,0.379439),
	[256] = CFrame.new(3.97475,0.634003,-167.238, 0.407694,-0.0277876,0.912696, 0.0669645,0.997755,0.000464818, -0.91066,0.0609287,0.40864),
	[257] = CFrame.new(3.82745,0.662048,-167.25, 0.43718,-0.0175707,0.899202, 0.0603292,0.99813,-0.00982745, -0.897348,0.0585445,0.437423),
	[258] = CFrame.new(3.68015,0.690094,-167.263, 0.466127,-0.0072128,0.884688, 0.0533311,0.998377,-0.0199595, -0.883109,0.0564851,0.465756),
	[259] = CFrame.new(3.53286,0.71814,-167.275, 0.494501,0.00327403,0.869171, 0.0459757,0.998494,-0.0299183, -0.86796,0.0547554,0.493606),
	[260] = CFrame.new(3.42673,0.720856,-167.288, 0.525191,0.00763716,0.85095, 0.0406531,0.998593,-0.0340526, -0.850013,0.0524779,0.524142),
	[261] = CFrame.new(3.32475,0.721069,-167.302, 0.555475,0.0114913,0.831454, 0.0354131,0.99867,-0.037461, -0.830779,0.050253,0.554329),
	[262] = CFrame.new(3.22316,0.721008,-167.315, 0.585046,0.0153922,0.810854, 0.0300585,0.998721,-0.0406461, -0.810443,0.0481529,0.583835),
	[263] = CFrame.new(3.12162,0.720947,-167.329, 0.613838,0.0193909,0.789194, 0.0245738,0.998744,-0.0436533, -0.789049,0.0461896,0.612591),
	[264] = CFrame.new(3.02008,0.720856,-167.342, 0.641812,0.0234879,0.766502, 0.018963,0.998739,-0.0464825, -0.766628,0.0443682,0.640557),
	[265] = CFrame.new(2.91855,0.720764,-167.355, 0.668929,0.0276784,0.742811, 0.013232,0.998705,-0.0491294, -0.743208,0.0426929,0.667696),
	[266] = CFrame.new(2.817,0.720703,-167.369, 0.695154,0.0319572,0.71815, 0.00738706,0.998641,-0.0515894, -0.718823,0.0411676,0.693973),
	[267] = CFrame.new(2.71548,0.720612,-167.382, 0.72045,0.0363184,0.692555, 0.00143507,0.998548,-0.0538579, -0.693505,0.0397958,0.719351),
	[268] = CFrame.new(2.64877,0.719849,-167.396, 0.735731,0.0387443,0.676165, -0.00267585,0.998521,-0.0543038, -0.677269,0.0381436,0.734746),
	[269] = CFrame.new(2.58556,0.718994,-167.41, 0.749741,0.041016,0.66046, -0.00661101,0.998492,-0.0545039, -0.661699,0.0364975,0.748881),
	[270] = CFrame.new(2.5227,0.71817,-167.423, 0.763321,0.0433113,0.644566, -0.0105389,0.998452,-0.0546099, -0.645933,0.0348919,0.762596),
	[271] = CFrame.new(2.45987,0.717316,-167.437, 0.776549,0.0456471,0.628402, -0.014475,0.998401,-0.0546363, -0.629891,0.0333316,0.775968),
	[272] = CFrame.new(2.39706,0.716461,-167.45, 0.789425,0.048024,0.611966, -0.0184193,0.998339,-0.054584, -0.613571,0.031818,0.788998),
	[273] = CFrame.new(2.35168,0.720367,-167.464, 0.797922,0.0494579,0.600728, -0.0213903,0.998324,-0.0537801, -0.60238,0.0300626,0.797643),
	[274] = CFrame.new(2.30807,0.724731,-167.478, 0.805859,0.0508217,0.589922, -0.0242562,0.998307,-0.052869, -0.59161,0.0282957,0.805727),
	[275] = CFrame.new(2.26462,0.729156,-167.491, 0.813607,0.0522029,0.579068, -0.027104,0.998284,-0.0519133, -0.580784,0.026542,0.813625),
	[276] = CFrame.new(2.22118,0.733582,-167.505, 0.8212,0.0536101,0.568117, -0.0299419,0.998254,-0.0509193, -0.569855,0.0248044,0.821371),
	[277] = CFrame.new(2.17774,0.738037,-167.518, 0.828641,0.0550438,0.557067, -0.0327703,0.998217,-0.0498877, -0.55882,0.0230837,0.828968),
	[278] = CFrame.new(2.13432,0.742462,-167.532, 0.835929,0.0565036,0.545922, -0.0355885,0.998173,-0.0488183, -0.547683,0.0213801,0.836413),
	[279] = CFrame.new(2.10835,0.751648,-167.546, 0.839458,0.057004,0.540427, -0.0374344,0.998187,-0.0471406, -0.542134,0.019342,0.840069),
	[280] = CFrame.new(2.08411,0.761292,-167.56, 0.84259,0.0574194,0.535486, -0.039175,0.998201,-0.0453935, -0.537129,0.0172705,0.843323),
	[281] = CFrame.new(2.06006,0.770996,-167.573, 0.845656,0.0578376,0.530585, -0.0408969,0.99821,-0.0436299, -0.532159,0.0151967,0.846508),
	[282] = CFrame.new(2.03601,0.780701,-167.587, 0.848689,0.0582673,0.525673, -0.0426084,0.998215,-0.041855, -0.527173,0.0131238,0.849656),
	[283] = CFrame.new(2.01198,0.790405,-167.601, 0.851692,0.0587096,0.520744, -0.0443105,0.998214,-0.0400693, -0.522167,0.0110522,0.852772),
	[284] = CFrame.new(1.98801,0.80011,-167.616, 0.854234,0.0591587,0.516512, -0.0459659,0.998208,-0.038309, -0.517853,0.00898289,0.855422),
	[285] = CFrame.new(2.10842,0.801086,-172.267, -0.93332,0.0626134,0.353544, 0.0567195,0.998024,-0.0270188, -0.354537,-0.00516437,-0.935028),
	[286] = CFrame.new(2.29709,0.836121,-172.862, -0.988723,0.0382,0.144804, 0.0363808,0.999223,-0.0151914, -0.145272,-0.00975205,-0.989344),
	[287] = CFrame.new(2.40426,0.857056,-172.986, -0.991646,0.0242095,0.126695, 0.0225345,0.999639,-0.0146382, -0.127003,-0.0116609,-0.991834),
	[288] = CFrame.new(2.50327,0.876617,-173.063, -0.991698,0.0112805,0.128093, 0.00944243,0.999844,-0.0149476, -0.128242,-0.0136139,-0.991649),
	[289] = CFrame.new(2.58442,0.892365,-173.128, -0.991295,0.000702658,0.131658, -0.00131029,0.999884,-0.015202, -0.131653,-0.0152422,-0.991179),
	[290] = CFrame.new(2.6638,0.907745,-173.19, -0.990748,-0.00965556,0.135369, -0.01185,0.999811,-0.0154146, -0.135194,-0.0168761,-0.990675),
	[291] = CFrame.new(2.743,0.923065,-173.253, -0.990087,-0.0200061,0.139025, -0.0223878,0.999628,-0.0155886, -0.138661,-0.0185465,-0.990166),
	[292] = CFrame.new(2.82218,0.938385,-173.316, -0.989314,-0.0303688,0.142604, -0.0329431,0.999334,-0.0157253, -0.142031,-0.020255,-0.989655),
