return {
	[1] = { CFrame = CFrame.new(1.46552,0.415131,12.021, 1,9.39716e-07,-2.35565e-05, -1.86265e-09,0.999209,0.0397608, 2.3579e-05,-0.0397608,0.999209), FOV = 70 },
	[2] = { CFrame = CFrame.new(1.10761,0.309326,9.03076, 0.999999,0.0002011,0.00114711, -0.000235317,0.999553,0.0299075, -0.00114062,-0.0299078,0.999552), FOV = 64.0132 },
	[3] = { CFrame = CFrame.new(0.858116,0.225464,6.8217, 0.999989,0.000817091,0.00463081, -0.000922013,0.999742,0.0227004, -0.0046111,-0.0227044,0.999731), FOV = 59.523 },
	[4] = { CFrame = CFrame.new(0.692308,0.157471,5.20276, 0.999947,0.00181814,0.0101719, -0.00199596,0.999845,0.017498, -0.0101385,-0.0175174,0.999795), FOV = 56.287 },
	[5] = { CFrame = CFrame.new(0.605846,0.0974731,4.0558, 0.999803,0.0035246,0.0195333, -0.00379745,0.999896,0.013949, -0.0194822,-0.0140204,0.999712), FOV = 53.9916 },
	[6] = { CFrame = CFrame.new(0.57653,0.0439758,3.25865, 0.999489,0.00570735,0.0314316, -0.00607455,0.999914,0.0115995, -0.0313626,-0.0117846,0.999438), FOV = 52.4016 },
	[7] = { CFrame = CFrame.new(0.611382,-0.00970459,2.76167, 0.998801,0.00877178,0.0481545, -0.00927875,0.999904,0.0103145, -0.0480595,-0.010749,0.998787), FOV = 51.3407 },
	[8] = { CFrame = CFrame.new(0.680799,-0.0449524,2.30977, 0.997694,0.0121073,0.0667841, -0.0127583,0.999875,0.00933078, -0.0666627,-0.0101613,0.997724), FOV = 50.6765 },
	[9] = { CFrame = CFrame.new(0.778486,-0.0567627,1.79184, 0.996063,0.015672,0.0872561, -0.0164615,0.99983,0.00833546, -0.0871106,-0.00973901,0.996151), FOV = 50.31 },
	[10] = { CFrame = CFrame.new(0.888241,-0.053894,1.26019, 0.993988,0.0191966,0.107787, -0.0201051,0.999771,0.00734817, -0.107621,-0.00947106,0.994147), FOV = 50.1667 },
	[11] = { CFrame = CFrame.new(1.00705,-0.0400391,0.718246, 0.99147,0.0226893,0.128343, -0.0236995,0.999699,0.00634912, -0.12816,-0.00933662,0.99171), FOV = 50.1908 },
	[12] = { CFrame = CFrame.new(1.12353,-0.020874,0.204407, 0.988706,0.0259445,0.147603, -0.0270342,0.99962,0.00538088, -0.147407,-0.00931043,0.989032), FOV = 50.3405 },
	[13] = { CFrame = CFrame.new(1.25652,0.00814819,-0.359985, 0.985269,0.0294422,0.168456, -0.0306045,0.999522,0.00430703, -0.168249,-0.0093991,0.9857), FOV = 50.5843 },
	[14] = { CFrame = CFrame.new(1.38364,0.0386963,-0.890671, 0.981644,0.0326967,0.187898, -0.0339119,0.99942,0.00325551, -0.187682,-0.00956774,0.982183), FOV = 50.8988 },
	[15] = { CFrame = CFrame.new(1.5246,0.0762329,-1.46768, 0.977283,0.0361878,0.208824, -0.0374463,0.999296,0.00207483, -0.208602,-0.0098474,0.977951), FOV = 51.2662 },
	[16] = { CFrame = CFrame.new(1.63055,0.116089,-2.07162, 0.972254,0.0396417,0.230543, -0.0409289,0.999162,0.000801953, -0.230318,-0.0102156,0.973062), FOV = 51.6733 },
	[17] = { CFrame = CFrame.new(1.71026,0.157715,-2.69576, 0.966558,0.0430629,0.252805, -0.0443621,0.999015,-0.000561489, -0.25258,-0.0106723,0.967517), FOV = 52.1103 },
	[18] = { CFrame = CFrame.new(1.77022,0.197693,-3.29224, 0.96064,0.0462461,0.273919, -0.0475393,0.998868,-0.00191864, -0.273697,-0.0111788,0.961751), FOV = 52.5695 },
	[19] = { CFrame = CFrame.new(1.81544,0.23941,-3.91078, 0.954018,0.0494562,0.29564, -0.0507259,0.998707,-0.00337832, -0.295425,-0.0117737,0.955293), FOV = 53.0456 },
	[20] = { CFrame = CFrame.new(1.84959,0.28241,-4.54584, 0.946707,0.0526803,0.317757, -0.0539076,0.998534,-0.00493573, -0.317551,-0.0124568,0.948159), FOV = 53.5342 },
	[21] = { CFrame = CFrame.new(1.87527,0.31839,-5.16621, 0.938955,0.0531828,0.339903, -0.0564995,0.998403,-0.000139333, -0.339368,-0.0190736,0.94046), FOV = 52.6506 },
	[22] = { CFrame = CFrame.new(1.89453,0.346008,-5.70747, 0.931698,0.0518129,0.359518, -0.0586006,0.998249,0.00799922, -0.358475,-0.0285209,0.933103), FOV = 49.488 },
	[23] = { CFrame = CFrame.new(1.90897,0.367523,-6.21469, 0.923123,0.0452494,0.381832, -0.0563654,0.998248,0.0179713, -0.38035,-0.0381119,0.924057), FOV = 45.866 },
	[24] = { CFrame = CFrame.new(1.9198,0.384491,-6.69637, 0.912741,0.0336807,0.407148, -0.0496599,0.998353,0.0287398, -0.405509,-0.0464509,0.91291), FOV = 47.2537 },
	[25] = { CFrame = CFrame.new(1.92793,0.398438,-7.20953, 0.906373,0.0194034,0.422032, -0.0404208,0.998345,0.0409095, -0.42054,-0.0541381,0.905657), FOV = 51.1966 },
	[26] = { CFrame = CFrame.new(1.93402,0.409515,-7.67036, 0.921083,0.0169964,0.388995, -0.0392769,0.998007,0.0493959, -0.38738,-0.0607762,0.919914), FOV = 55.3559 },
	[27] = { CFrame = CFrame.new(1.93859,0.41864,-8.11726, 0.952531,0.0269458,0.303245, -0.0458323,0.997415,0.0553364, -0.300971,-0.0666081,0.951304), FOV = 58.4754 },
	[28] = { CFrame = CFrame.new(1.94202,0.426086,-8.5284, 0.958129,0.0339603,0.284316, -0.0515932,0.997166,0.0547589, -0.281651,-0.0671349,0.957165), FOV = 60.9094 },
	[29] = { CFrame = CFrame.new(1.94458,0.431885,-8.96973, 0.95562,0.0410663,0.291723, -0.0570524,0.997288,0.0465014, -0.289022,-0.0610812,0.955371), FOV = 63.0117 },
	[30] = { CFrame = CFrame.new(1.9465,0.436249,-9.44427, 0.950995,0.0492681,0.305255, -0.0620024,0.997558,0.0321573, -0.302925,-0.049508,0.951728), FOV = 65.0288 },
	[31] = { CFrame = CFrame.new(1.94795,0.439514,-9.94371, 0.950008,0.0551306,0.307318, -0.0658424,0.997527,0.0245888, -0.305202,-0.0435941,0.951289), FOV = 67.1154 },
	[32] = { CFrame = CFrame.new(1.95185,0.448334,-11.8089, 0.962078,0.0657732,0.264725, -0.0763261,0.996639,0.0297648, -0.261877,-0.0488414,0.963864), FOV = 76.0484 },
	[33] = { CFrame = CFrame.new(1.95225,0.449219,-12.5121, 0.963896,0.0681202,0.257418, -0.0773824,0.996662,0.0260112, -0.254787,-0.0449918,0.96595), FOV = 78.9169 },
	[34] = { CFrame = CFrame.new(1.9523,0.44931,-13.0992, 0.960539,0.0716888,0.268749, -0.0775764,0.996922,0.0113376, -0.267109,-0.0317388,0.963143), FOV = 81.7854 },
	[35] = { CFrame = CFrame.new(1.95229,0.44931,-13.5455, 0.964463,0.0713216,0.254411, -0.077691,0.996864,0.0150627, -0.252539,-0.0342928,0.966979), FOV = 84.4585 },
	[36] = { CFrame = CFrame.new(1.94742,0.454529,-14.0374, 0.967725,0.070212,0.242028, -0.077431,0.996788,0.0204334, -0.239816,-0.0385144,0.970054), FOV = 86.7538 },
	[37] = { CFrame = CFrame.new(1.94041,0.462067,-14.5682, 0.969658,0.0693502,0.234422, -0.0770254,0.996747,0.0237338, -0.232013,-0.0410701,0.971845), FOV = 88.5151 },
	[38] = { CFrame = CFrame.new(1.93322,0.469788,-15.1029, 0.971415,0.0685275,0.227281, -0.0765876,0.996702,0.0268252, -0.224694,-0.0434654,0.973459), FOV = 89.6224 },
	[39] = { CFrame = CFrame.new(1.92434,0.479279,-15.7583, 0.973479,0.0675464,0.218575, -0.0760201,0.996637,0.0305831, -0.215774,-0.0463881,0.975341), FOV = 90 },
	[40] = { CFrame = CFrame.new(1.91696,0.487244,-16.3055, 0.97514,0.0667482,0.211295, -0.0755207,0.996574,0.0337149, -0.208321,-0.0488339,0.976841), FOV = 89.9743 },
	[41] = { CFrame = CFrame.new(1.91134,0.493286,-16.7214, 0.976365,0.0661539,0.205753, -0.0751257,0.996521,0.0360934, -0.202649,-0.0506977,0.977938), FOV = 89.8977 },
	[42] = { CFrame = CFrame.new(1.89799,0.507599,-17.2555, 0.976157,0.0656617,0.206893, -0.074472,0.996606,0.035079, -0.203888,-0.0496503,0.977734), FOV = 89.7707 },
	[43] = { CFrame = CFrame.new(1.8855,0.521027,-17.681, 0.975448,0.0653554,0.210308, -0.0739038,0.996718,0.0330393, -0.207458,-0.0477707,0.977077), FOV = 89.5948 },
	[44] = { CFrame = CFrame.new(1.8731,0.534363,-18.0957, 0.974675,0.0650748,0.213947, -0.0733364,0.996828,0.0308992, -0.211257,-0.0458068,0.976356), FOV = 89.3717 },
	[45] = { CFrame = CFrame.new(1.8607,0.547668,-18.5093, 0.973883,0.0648036,0.217606, -0.0727617,0.996935,0.0287512, -0.215076,-0.0438337,0.975613), FOV = 89.1038 },
	[46] = { CFrame = CFrame.new(1.8511,0.557983,-18.8297, 0.973258,0.0645988,0.220442, -0.0723109,0.997014,0.0270874, -0.218034,-0.0423034,0.975024), FOV = 88.7938 },
	[47] = { CFrame = CFrame.new(1.83897,0.570984,-19.2339, 0.972458,0.0643471,0.224018, -0.0717353,0.997111,0.0249907, -0.221762,-0.0403724,0.974264), FOV = 88.4448 },
	[48] = { CFrame = CFrame.new(1.82381,0.58725,-19.7395, 0.971438,0.0640425,0.228486, -0.0710043,0.997225,0.0223713, -0.22642,-0.0379558,0.97329), FOV = 88.0605 },
	[49] = { CFrame = CFrame.new(1.99582,0.598083,-20.9316, 0.966193,0.0689021,0.248439, -0.0758422,0.996949,0.0184609, -0.246409,-0.036679,0.968471), FOV = 87.6448 },
	[50] = { CFrame = CFrame.new(2.18655,0.608398,-22.1925, 0.960045,0.074299,0.269803, -0.0811502,0.996599,0.0143121, -0.267821,-0.0356347,0.962809), FOV = 86.7365 },
	[51] = { CFrame = CFrame.new(2.37915,0.618652,-23.4602, 0.953342,0.079767,0.291163, -0.0864187,0.996208,0.0100359, -0.289258,-0.0347295,0.956621), FOV = 86.7365 },
	[52] = { CFrame = CFrame.new(2.57193,0.628906,-24.7286, 0.946127,0.0852563,0.312369, -0.0915948,0.99578,0.00564625, -0.310569,-0.0339534,0.949944), FOV = 85.7571 },
	[53] = { CFrame = CFrame.new(2.76473,0.63913,-25.997, 0.938408,0.0907594,0.333396, -0.0966707,0.995316,0.00114677, -0.33173,-0.0333057,0.942786), FOV = 85.2532 },
	[54] = { CFrame = CFrame.new(2.95753,0.649384,-27.2655, 0.930189,0.0962726,0.35423, -0.101644,0.994815,-0.00346005, -0.352727,-0.0327867,0.935152), FOV = 85.2532 },
	[55] = { CFrame = CFrame.new(3.19571,0.581207,-28.3028, 0.92271,0.101324,0.37194, -0.106328,0.994306,-0.00708982, -0.37054,-0.0330059,0.92823), FOV = 84.7468 },
	[56] = { CFrame = CFrame.new(3.43841,0.505249,-29.317, 0.914995,0.10632,0.389204, -0.110924,0.993771,-0.0106963, -0.387917,-0.033385,0.921089), FOV = 84.2429 },
	[57] = { CFrame = CFrame.new(3.68158,0.428467,-30.3288, 0.906943,0.1113,0.406283, -0.115447,0.99321,-0.0143746, -0.405124,-0.0338671,0.913634), FOV = 83.7467 },
	[58] = { CFrame = CFrame.new(3.92479,0.351654,-31.3404, 0.898548,0.116265,0.423196, -0.119897,0.992621,-0.0181331, -0.422181,-0.0344465,0.905857), FOV = 83.2635 },
	[59] = { CFrame = CFrame.new(4.11328,0.292084,-32.1244, 0.891805,0.120103,0.436187, -0.123295,0.992146,-0.0211008, -0.435295,-0.0349619,0.899609), FOV = 82.798 },
	[60] = { CFrame = CFrame.new(4.45587,0.117371,-33.4399, 0.881174,0.12604,0.455681, -0.128609,0.991367,-0.0255127, -0.454963,-0.0361234,0.889777), FOV = 82.3552 },
	[61] = { CFrame = CFrame.new(4.75915,-0.0515747,-34.5809, 0.871851,0.131053,0.471912, -0.133069,0.990674,-0.0292722, -0.471348,-0.0372762,0.881159), FOV = 81.9395 },
	[62] = { CFrame = CFrame.new(5.0585,-0.21994,-35.7044, 0.862382,0.135949,0.487662, -0.137382,0.989967,-0.0330333, -0.48726,-0.0385089,0.872407), FOV = 81.2062 },
	[63] = { CFrame = CFrame.new(5.35746,-0.388214,-36.8262, 0.852621,0.140809,0.503199, -0.141615,0.989235,-0.0368618, -0.502973,-0.0398316,0.863384), FOV = 81.2062 },
	[64] = { CFrame = CFrame.new(5.65638,-0.556519,-37.9479, 0.842555,0.145638,0.518546, -0.145773,0.988478,-0.0407631, -0.518508,-0.0412451,0.854077), FOV = 80.8962 },
	[65] = { CFrame = CFrame.new(5.95529,-0.724823,-39.0695, 0.832186,0.150435,0.5337, -0.149856,0.987695,-0.0447367, -0.533863,-0.0427489,0.844489), FOV = 80.6283 },
	[66] = { CFrame = CFrame.new(6.14438,-0.773041,-39.7256, 0.826714,0.152969,0.541428, -0.152088,0.987263,-0.0467051, -0.541676,-0.0437332,0.839449), FOV = 80.4052 },
	[67] = { CFrame = CFrame.new(6.32251,-0.809235,-40.3351, 0.821685,0.15527,0.548383, -0.154125,0.986861,-0.0484851, -0.548706,-0.0446798,0.83482), FOV = 80.2293 },
	[68] = { CFrame = CFrame.new(6.49952,-0.844238,-40.9401, 0.816646,0.15754,0.555221, -0.156127,0.986457,-0.0502607, -0.55562,-0.0456399,0.830182), FOV = 80.1023 },
	[69] = { CFrame = CFrame.new(6.67642,-0.87915,-41.5445, 0.811548,0.159797,0.562009, -0.158112,0.986048,-0.0520505, -0.562486,-0.0466187,0.825491), FOV = 80.0257 },
	[70] = { CFrame = CFrame.new(6.85332,-0.914032,-42.1489, 0.806388,0.162045,0.568752, -0.16008,0.985634,-0.0538561, -0.569308,-0.0476168,0.820744), FOV = 80 },
	[71] = { CFrame = CFrame.new(7.12494,-0.932465,-43.9502, 0.77078,0.15953,0.616805, -0.163292,0.98527,-0.0507742, -0.615819,-0.0615838,0.785477), FOV = 79.1228 },
	[72] = { CFrame = CFrame.new(7.40605,-0.949249,-45.8714, 0.729054,0.155708,0.66651, -0.166902,0.984828,-0.0475089, -0.663795,-0.0766052,0.74398), FOV = 79.1228 },
	[73] = { CFrame = CFrame.new(7.68809,-0.965881,-47.8045, 0.683912,0.150972,0.713773, -0.170793,0.9843,-0.0445437, -0.709291,-0.0914434,0.698959), FOV = 78.6842 },
	[74] = { CFrame = CFrame.new(7.97023,-0.982483,-49.7387, 0.635825,0.145389,0.758016, -0.174928,0.983688,-0.0419432, -0.751749,-0.105929,0.650886), FOV = 78.2456 },
	[75] = { CFrame = CFrame.new(8.25237,-0.999084,-51.6731, 0.58503,0.13899,0.799013, -0.179276,0.982996,-0.0397296, -0.790949,-0.120001,0.6), FOV = 77.807 },
	[76] = { CFrame = CFrame.new(8.53453,-1.01569,-53.6075, 0.531749,0.131804,0.836583, -0.183808,0.98223,-0.0379189, -0.826715,-0.133608,0.546526), FOV = 77.3684 },
	[77] = { CFrame = CFrame.new(8.81666,-1.03229,-55.542, 0.476212,0.123864,0.870563, -0.188494,0.981395,-0.0365244, -0.85889,-0.146703,0.490699), FOV = 76.9298 },
	[78] = { CFrame = CFrame.new(8.87704,-1.0116,-56.7653, 0.481506,0.0938949,0.871399, -0.191511,0.981491,6.47455e-05, -0.855263,-0.166913,0.490575), FOV = 76.4912 },
	[79] = { CFrame = CFrame.new(8.91525,-0.987183,-57.9176, 0.492815,0.0618493,0.867933, -0.193891,0.980197,0.0402426, -0.848257,-0.188117,0.495048), FOV = 76.0526 },
	[80] = { CFrame = CFrame.new(8.95124,-0.962372,-59.0627, 0.441663,0.0423963,0.896179, -0.183429,0.98205,0.0439405, -0.87823,-0.183792,0.441512), FOV = 75.614 },
	[81] = { CFrame = CFrame.new(8.98702,-0.937531,-60.207, 0.382077,0.0248108,0.923797, -0.171978,0.984086,0.0446991, -0.907987,-0.175951,0.380264), FOV = 75.1754 },
	[82] = { CFrame = CFrame.new(9.0147,-0.918274,-61.0939, 0.366131,0.0354918,0.929886, -0.178331,0.983428,0.0326801, -0.913316,-0.177793,0.366392), FOV = 74.7368 },
	[83] = { CFrame = CFrame.new(9.04159,-0.899567,-61.955, 0.354477,0.0488968,0.933785, -0.186293,0.982305,0.0192817, -0.916319,-0.180792,0.357314), FOV = 74.2982 },
	[84] = { CFrame = CFrame.new(9.06839,-0.880951,-62.8135, 0.343083,0.0624974,0.937223, -0.194258,0.980934,0.00569868, -0.918998,-0.184018,0.348683), FOV = 73.8596 },
	[85] = { CFrame = CFrame.new(9.09521,-0.862305,-63.6718, 0.331549,0.0760368,0.940369, -0.202062,0.97934,-0.00794627, -0.921545,-0.187378,0.340064), FOV = 73.421 },
	[86] = { CFrame = CFrame.new(9.08169,-0.827942,-64.7077, 0.321544,0.0719928,0.944154, -0.204291,0.978897,-0.00506794, -0.924594,-0.191253,0.329466), FOV = 72.9825 },
	[87] = { CFrame = CFrame.new(9.06416,-0.792023,-65.7614, 0.311665,0.0661629,0.947885, -0.206017,0.978548,-0.000564754, -0.927589,-0.195104,0.31861), FOV = 72.5439 },
	[88] = { CFrame = CFrame.new(9.04623,-0.75592,-66.8169, 0.301767,0.0601275,0.951484, -0.207736,0.978176,0.00407, -0.930474,-0.198886,0.307672), FOV = 72.1053 },
	[89] = { CFrame = CFrame.new(9.02826,-0.719818,-67.8726, 0.291835,0.0540457,0.95494, -0.209498,0.97777,0.00868607, -0.933243,-0.202593,0.29667), FOV = 71.6667 },
	[90] = { CFrame = CFrame.new(9.01027,-0.683716,-68.9283, 0.281871,0.0479342,0.958254, -0.211307,0.97733,0.0132677, -0.935894,-0.206225,0.28561), FOV = 71.2281 },
	[91] = { CFrame = CFrame.new(8.99229,-0.647614,-69.984, 0.271876,0.0417955,0.961424, -0.213162,0.976854,0.0178128, -0.938427,-0.209782,0.274493), FOV = 70.7895 },
	[92] = { CFrame = CFrame.new(8.97837,-0.619659,-70.8021, 0.26411,0.0370198,0.963782, -0.214632,0.976462,0.0213097, -0.940308,-0.212487,0.265839), FOV = 70.3509 },
	[93] = { CFrame = CFrame.new(8.95675,-0.576263,-72.0716, 0.252024,0.029581,0.967269, -0.216968,0.975814,0.0266891, -0.943085,-0.216592,0.252346), FOV = 69.9123 },
	[94] = { CFrame = CFrame.new(8.90617,-0.535583,-72.9978, 0.24964,0.0245171,0.968028, -0.21828,0.975375,0.031588, -0.943416,-0.219186,0.248844), FOV = 69.4737 },
	[95] = { CFrame = CFrame.new(8.82045,-0.470947,-74.4225, 0.247444,0.0168106,0.968756, -0.220216,0.974658,0.0393355, -0.943544,-0.223069,0.244875), FOV = 69.0351 },
	[96] = { CFrame = CFrame.new(8.74731,-0.416046,-75.6307, 0.245656,0.0102759,0.969302, -0.221866,0.973996,0.0459032, -0.943625,-0.226331,0.241548), FOV = 68.5965 },
	[97] = { CFrame = CFrame.new(8.67547,-0.362091,-76.8171, 0.243908,0.00385538,0.96979, -0.223497,0.973298,0.0523414, -0.943694,-0.229511,0.238257), FOV = 68.1579 },
	[98] = { CFrame = CFrame.new(8.60373,-0.308258,-78.0015, 0.242162,-0.00255638,0.970232, -0.225136,0.972554,0.0587546, -0.943754,-0.232662,0.23494), FOV = 67.7193 },
	[99] = { CFrame = CFrame.new(8.54815,-0.266541,-78.9192, 0.240808,-0.00752661,0.970543, -0.226414,0.971945,0.0637146, -0.943794,-0.235088,0.232348), FOV = 67.2807 },
	[100] = { CFrame = CFrame.new(8.47805,-0.213928,-80.0766, 0.239098,-0.0137973,0.970897, -0.228036,0.971136,0.0699581, -0.943839,-0.238126,0.229051), FOV = 66.8421 },
	[101] = { CFrame = CFrame.new(8.39036,-0.148102,-81.5244, 0.236957,-0.0216444,0.971279, -0.23008,0.970061,0.0777485, -0.943882,-0.241895,0.224883), FOV = 66.4035 },
	[102] = { CFrame = CFrame.new(8.37233,-0.122131,-82.4178, 0.234752,-0.0243533,0.97175, -0.231923,0.969412,0.0803217, -0.943982,-0.244227,0.221923), FOV = 65.9649 },
	[103] = { CFrame = CFrame.new(8.36357,-0.10498,-83.0685, 0.233037,-0.0260697,0.972118, -0.233337,0.968939,0.0819203, -0.944059,-0.245922,0.219716), FOV = 65.5263 },
	[104] = { CFrame = CFrame.new(8.35345,-0.0838318,-83.8821, 0.230875,-0.0281716,0.972575, -0.235121,0.968341,0.0838631, -0.944147,-0.248035,0.216942), FOV = 65.0877 },
	[105] = { CFrame = CFrame.new(8.34085,-0.0574646,-84.8991, 0.22817,-0.0307995,0.973134, -0.237356,0.967584,0.0862766, -0.944246,-0.250665,0.213464), FOV = 64.6491 },
	[106] = { CFrame = CFrame.new(8.33033,-0.0354004,-85.7493, 0.22591,-0.0330008,0.973589, -0.239228,0.966941,0.0882855, -0.944317,-0.252854,0.210547), FOV = 63.7719 },
	[107] = { CFrame = CFrame.new(8.32005,-0.0137939,-86.5828, 0.223695,-0.0351627,0.974024, -0.241066,0.966304,0.0902474, -0.944377,-0.254992,0.207681), FOV = 63.7719 },
	[108] = { CFrame = CFrame.new(8.32109,-0.00485229,-87.1258, 0.221944,-0.0375045,0.974338, -0.238703,0.966764,0.0915871, -0.945389,-0.252905,0.205615), FOV = 63.3333 },
	[109] = { CFrame = CFrame.new(8.32467,0.00738525,-87.946, 0.219199,-0.0412709,0.974807, -0.234226,0.967662,0.0936373, -0.947148,-0.24885,0.202443), FOV = 62.8947 },
	[110] = { CFrame = CFrame.new(8.32783,0.0176392,-88.6408, 0.216848,-0.0444634,0.975192, -0.23039,0.968412,0.0953847, -0.948629,-0.245358,0.199754), FOV = 62.4561 },
	[111] = { CFrame = CFrame.new(8.33091,0.0276794,-89.323, 0.214519,-0.0475904,0.975559, -0.226621,0.96913,0.0971093, -0.950065,-0.241914,0.197112), FOV = 62.0175 },
	[112] = { CFrame = CFrame.new(8.33403,0.0377502,-90.004, 0.266995,-0.0749106,0.960782, -0.18594,0.974236,0.127631, -0.945589,-0.212724,0.246187), FOV = 61.5789 },
	[113] = { CFrame = CFrame.new(8.33644,0.0455627,-90.5318, 0.309986,-0.0994503,0.945525, -0.149994,0.976944,0.15193, -0.938834,-0.188919,0.287922), FOV = 61.1404 },
	[114] = { CFrame = CFrame.new(8.34016,0.0576172,-91.3505, 0.272025,-0.0858908,0.958449, -0.171336,0.975771,0.136071, -0.946914,-0.201232,0.250718), FOV = 60.7018 },
	[115] = { CFrame = CFrame.new(8.34332,0.0679016,-92.045, 0.211665,-0.0628057,0.975322, -0.207276,0.972347,0.107597, -0.95511,-0.224935,0.192794), FOV = 60.2632 },
	[116] = { CFrame = CFrame.new(8.35287,0.0754089,-92.8221, 0.202825,-0.0644611,0.977091, -0.204047,0.973145,0.106557, -0.957719,-0.220985,0.184225), FOV = 59.8246 },
	[117] = { CFrame = CFrame.new(8.36078,0.0810242,-93.4305, 0.199877,-0.0675219,0.977491, -0.19869,0.974103,0.107916, -0.959464,-0.215788,0.181285), FOV = 59.386 },
	[118] = { CFrame = CFrame.new(8.37079,0.0880432,-94.199, 0.196791,-0.0716719,0.977822, -0.191446,0.975318,0.110018, -0.961572,-0.20885,0.178212), FOV = 58.9474 },
	[119] = { CFrame = CFrame.new(8.38334,0.0968323,-95.1604, 0.192928,-0.0768619,0.978198, -0.182341,0.976754,0.112711, -0.964121,-0.20011,0.174428), FOV = 58.5088 },
	[120] = { CFrame = CFrame.new(8.39152,0.10257,-95.7872, 0.190373,-0.0802279,0.978428, -0.176404,0.977637,0.114486, -0.965732,-0.194394,0.171963), FOV = 58.0702 },
	[121] = { CFrame = CFrame.new(8.40389,0.111237,-96.7344, 0.18645,-0.0852846,0.978755, -0.167441,0.978892,0.117194, -0.968091,-0.185735,0.168234), FOV = 57.6316 },
	[122] = { CFrame = CFrame.new(8.41437,0.118591,-97.5367, 0.183071,-0.0895394,0.979013, -0.159855,0.979879,0.119511, -0.970016,-0.178379,0.165074), FOV = 57.193 },
	[123] = { CFrame = CFrame.new(8.42464,0.125793,-98.3246, 0.179702,-0.0936911,0.979249, -0.152413,0.980782,0.121807, -0.971842,-0.171139,0.161969), FOV = 56.7544 },
	[124] = { CFrame = CFrame.new(8.43493,0.132996,-99.111, 0.176289,-0.0978089,0.979467, -0.144992,0.981617,0.12412, -0.973601,-0.163896,0.158867), FOV = 56.3158 },
	[125] = { CFrame = CFrame.new(8.44519,0.140198,-99.8972, 0.172828,-0.101899,0.979667, -0.137581,0.982385,0.126453, -0.975296,-0.156638,0.155764), FOV = 55.8772 },
	[126] = { CFrame = CFrame.new(8.46189,0.144806,-100.778, 0.168761,-0.106988,0.979833, -0.126764,0.98348,0.129219, -0.977471,-0.146015,0.152411), FOV = 55.4386 },
	[127] = { CFrame = CFrame.new(8.47927,0.1492,-101.669, 0.164545,-0.112133,0.979975, -0.115617,0.984476,0.132061, -0.97957,-0.135031,0.149026), FOV = 55 },
	[128] = { CFrame = CFrame.new(8.49669,0.153534,-102.56, 0.160227,-0.11724,0.980093, -0.104447,0.985333,0.134942, -0.981538,-0.123989,0.145632), FOV = 54.898 },
	[129] = { CFrame = CFrame.new(8.51413,0.157867,-103.452, 0.155814,-0.122297,0.980186, -0.0932887,0.986049,0.137858, -0.983371,-0.112921,0.142231), FOV = 54.7959 },
	[130] = { CFrame = CFrame.new(8.53154,0.162201,-104.344, 0.151306,-0.127303,0.980255, -0.0821463,0.986623,0.14081, -0.985067,-0.10183,0.138825), FOV = 54.6939 },
	[131] = { CFrame = CFrame.new(8.54897,0.166534,-105.235, 0.146704,-0.132257,0.980299, -0.0710223,0.987055,0.143797, -0.986627,-0.0907187,0.135412), FOV = 54.5918 },
	[132] = { CFrame = CFrame.new(8.56641,0.170898,-106.127, 0.14201,-0.137156,0.980317, -0.0599188,0.987347,0.146819, -0.98805,-0.0795892,0.131995), FOV = 54.4898 },
	[133] = { CFrame = CFrame.new(8.58384,0.175232,-107.019, 0.137223,-0.141999,0.980309, -0.0488379,0.987498,0.149877, -0.989335,-0.0684428,0.128573), FOV = 54.3878 },
	[134] = { CFrame = CFrame.new(8.59342,0.177612,-107.823, 0.133556,-0.143644,0.980576, -0.0418797,0.987738,0.150397, -0.990156,-0.0611526,0.125902), FOV = 54.2857 },
	[135] = { CFrame = CFrame.new(8.60222,0.17981,-108.618, 0.129983,-0.144949,0.980864, -0.0353381,0.987951,0.15068, -0.990886,-0.0542476,0.123295), FOV = 54.1837 },
	[136] = { CFrame = CFrame.new(8.61097,0.181976,-109.413, 0.126401,-0.146199,0.981146, -0.0288432,0.98812,0.150954, -0.99156,-0.0473801,0.120682), FOV = 54.0816 },
	[137] = { CFrame = CFrame.new(8.61967,0.184143,-110.208, 0.1228,-0.147421,0.981421, -0.0223585,0.988244,0.151243, -0.992179,-0.0405157,0.11806), FOV = 53.9796 },
	[138] = { CFrame = CFrame.new(8.62838,0.18634,-111.002, 0.119178,-0.148618,0.981687, -0.0158805,0.988322,0.15155, -0.992746,-0.0336512,0.115426), FOV = 53.8776 },
	[139] = { CFrame = CFrame.new(8.6371,0.188507,-111.797, 0.115536,-0.149791,0.981944, -0.00940941,0.988355,0.151876, -0.993258,-0.0267866,0.112781), FOV = 53.7755 },
	[140] = { CFrame = CFrame.new(8.64582,0.190674,-112.591, 0.111874,-0.150938,0.982192, -0.00294544,0.988342,0.152219, -0.993718,-0.0199223,0.110125), FOV = 53.6735 },
	[141] = { CFrame = CFrame.new(8.65061,0.191864,-113.342, 0.113833,-0.164241,0.97983, 0.00241261,0.986284,0.165042, -0.993497,-0.0164233,0.112668), FOV = 53.5714 },
	[142] = { CFrame = CFrame.new(8.655,0.192963,-114.089, 0.116225,-0.178746,0.977006, 0.00769098,0.983805,0.179075, -0.993193,-0.0132987,0.115717), FOV = 53.4694 },
	[143] = { CFrame = CFrame.new(8.65938,0.194031,-114.835, 0.118532,-0.193353,0.973943, 0.0129895,0.981076,0.193188, -0.992865,-0.010248,0.118801), FOV = 53.3673 },
	[144] = { CFrame = CFrame.new(8.66373,0.195129,-115.581, 0.114662,-0.185922,0.975851, 0.0169016,0.982553,0.185213, -0.993261,-0.00474343,0.115804), FOV = 53.2653 },
	[145] = { CFrame = CFrame.new(8.66807,0.196198,-116.327, 0.11018,-0.176256,0.978158, 0.0207118,0.984344,0.175038, -0.993696,0.000973673,0.112106), FOV = 53.1633 },
	[146] = { CFrame = CFrame.new(8.67244,0.197296,-117.073, 0.105639,-0.166337,0.980394, 0.0245501,0.986046,0.164651, -0.994101,0.00667515,0.108249), FOV = 52.9592 },
	[147] = { CFrame = CFrame.new(8.6768,0.198364,-117.819, 0.101094,-0.156364,0.982512, 0.0284288,0.987622,0.154252, -0.99447,0.0123376,0.104288), FOV = 52.9592 },
	[148] = { CFrame = CFrame.new(8.68117,0.199463,-118.565, 0.0966333,-0.153659,0.983387, 0.0323595,0.987974,0.151196, -0.994794,0.0172113,0.100443), FOV = 52.8571 },
	[149] = { CFrame = CFrame.new(8.68551,0.200531,-119.311, 0.0921793,-0.151666,0.984124, 0.0362979,0.988187,0.148892, -0.99508,0.0219969,0.0965956), FOV = 52.7551 },
	[150] = { CFrame = CFrame.new(8.68987,0.20163,-120.057, 0.087726,-0.149726,0.984828, 0.0402412,0.988365,0.146679, -0.995331,0.0267631,0.0927305), FOV = 52.6531 },
	[151] = { CFrame = CFrame.new(8.69423,0.202698,-120.803, 0.0832729,-0.147774,0.985509, 0.0441888,0.988519,0.144491, -0.995546,0.0315163,0.0888467), FOV = 52.551 },
	[152] = { CFrame = CFrame.new(8.69861,0.203796,-121.549, 0.07882,-0.145804,0.986168, 0.0481408,0.988649,0.142323, -0.995726,0.0362571,0.0849444), FOV = 52.449 },
	[153] = { CFrame = CFrame.new(8.70295,0.204895,-122.295, 0.0743679,-0.143815,0.986806, 0.0520969,0.988756,0.140173, -0.995869,0.0409852,0.081024), FOV = 52.3469 },
	[154] = { CFrame = CFrame.new(8.70731,0.205963,-123.041, 0.0699164,-0.141807,0.987422, 0.0560569,0.988839,0.138041, -0.995976,0.0457005,0.0770853), FOV = 52.2449 },
	[155] = { CFrame = CFrame.new(8.70775,0.206085,-123.744, 0.0675111,-0.142233,0.987528, 0.0583429,0.988656,0.138407, -0.996011,0.0482712,0.0750435), FOV = 52.1429 },
	[156] = { CFrame = CFrame.new(8.70778,0.206085,-124.442, 0.0653075,-0.142898,0.98758, 0.0604582,0.988442,0.139025, -0.996032,0.0506279,0.0731921), FOV = 52.0408 },
	[157] = { CFrame = CFrame.new(8.70778,0.206085,-125.139, 0.0631211,-0.143583,0.987623, 0.0625538,0.98822,0.139672, -0.996043,0.0529633,0.0713592), FOV = 51.9388 },
	[158] = { CFrame = CFrame.new(8.7078,0.206085,-125.837, 0.060934,-0.144265,0.987661, 0.0646446,0.987993,0.140325, -0.996046,0.0552964,0.0695283), FOV = 51.8367 },
	[159] = { CFrame = CFrame.new(8.7078,0.206085,-126.534, 0.058744,-0.144941,0.987695, 0.0667323,0.987761,0.140982, -0.99604,0.0576293,0.0676973), FOV = 51.7347 },
	[160] = { CFrame = CFrame.new(8.7078,0.206085,-127.232, 0.0565506,-0.145612,0.987724, 0.0688169,0.987523,0.141643, -0.996025,0.0599621,0.0658656), FOV = 51.6327 },
	[161] = { CFrame = CFrame.new(8.70779,0.206085,-127.929, 0.0543547,-0.146278,0.987749, 0.0708985,0.98728,0.142307, -0.996001,0.0622948,0.0640342), FOV = 51.5306 },
	[162] = { CFrame = CFrame.new(8.7078,0.206085,-128.627, 0.0521561,-0.146938,0.987769, 0.0729769,0.987032,0.142975, -0.995969,0.0646273,0.0622029), FOV = 51.4286 },
	[163] = { CFrame = CFrame.new(8.70778,0.206085,-129.324, 0.0499543,-0.147593,0.987786, 0.0750523,0.986779,0.143647, -0.995927,0.0669597,0.0603711), FOV = 51.2245 },
	[164] = { CFrame = CFrame.new(8.7078,0.206085,-130.022, 0.04775,-0.148242,0.987797, 0.0771245,0.986521,0.144323, -0.995877,0.069292,0.0585394), FOV = 51.2245 },
	[165] = { CFrame = CFrame.new(8.7078,0.206085,-130.719, 0.0455426,-0.148886,0.987805, 0.0791935,0.986257,0.145002, -0.995818,0.071624,0.0567075), FOV = 51.1224 },
	[166] = { CFrame = CFrame.new(8.7078,0.206085,-131.417, 0.0433325,-0.149524,0.987808, 0.0812594,0.985988,0.145684, -0.99575,0.0739558,0.0548756), FOV = 51.0204 },
	[167] = { CFrame = CFrame.new(8.70779,0.206085,-132.114, 0.0411192,-0.150157,0.987806, 0.0833221,0.985714,0.146371, -0.995674,0.0762875,0.0530432), FOV = 50.9184 },
	[168] = { CFrame = CFrame.new(8.70779,0.206085,-132.812, 0.0389036,-0.150784,0.987801, 0.0853816,0.985436,0.147061, -0.995588,0.0786188,0.0512112), FOV = 50.8163 },
	[169] = { CFrame = CFrame.new(8.70779,0.206085,-133.666, 0.0361854,-0.151545,0.987787, 0.0879,0.985087,0.147911, -0.995472,0.0814743,0.0489666), FOV = 50.7143 },
	[170] = { CFrame = CFrame.new(8.70781,0.206085,-134.222, 0.034414,-0.152036,0.987775, 0.089537,0.984856,0.148467, -0.995389,0.0833331,0.0475057), FOV = 50.6122 },
	[171] = { CFrame = CFrame.new(8.7078,0.206085,-134.906, 0.032235,-0.152634,0.987757, 0.0915452,0.984567,0.149154, -0.995279,0.0856164,0.0457104), FOV = 50.5102 },
	[172] = { CFrame = CFrame.new(8.70778,0.206085,-135.602, 0.0300129,-0.153238,0.987733, 0.0935874,0.984268,0.149857, -0.995158,0.0879418,0.0438819), FOV = 50.4082 },
	[173] = { CFrame = CFrame.new(8.70777,0.206085,-136.299, 0.027784,-0.153838,0.987705, 0.0956302,0.983964,0.150565, -0.995029,0.0902711,0.0420499), FOV = 50.3061 },
	[174] = { CFrame = CFrame.new(8.70779,0.206085,-136.997, 0.0255521,-0.154432,0.987673, 0.0976699,0.983654,0.151276, -0.994891,0.0926004,0.0402177), FOV = 50.2041 },
	[175] = { CFrame = CFrame.new(8.7078,0.206085,-137.694, 0.0233176,-0.15502,0.987636, 0.0997063,0.98334,0.151992, -0.994743,0.0949294,0.0383856), FOV = 50.102 },
	[176] = { CFrame = CFrame.new(8.7078,0.206085,-138.392, 0.0210805,-0.155603,0.987594, 0.101739,0.98302,0.15271, -0.994587,0.097258,0.0365535), FOV = 50 },
	[177] = { CFrame = CFrame.new(8.70781,0.206085,-139.089, 0.018841,-0.15618,0.987549, 0.103769,0.982695,0.153433, -0.994423,0.0995861,0.0347216), FOV = 49.898 },
	[178] = { CFrame = CFrame.new(8.7078,0.206085,-139.787, 0.0165988,-0.156752,0.987498, 0.105795,0.982366,0.154159, -0.994249,0.101914,0.0328897), FOV = 49.7959 },
	[179] = { CFrame = CFrame.new(8.7078,0.206085,-140.484, 0.0143541,-0.157318,0.987443, 0.107818,0.982031,0.154888, -0.994067,0.104241,0.0310579), FOV = 49.6939 },
	[180] = { CFrame = CFrame.new(8.7078,0.206085,-141.182, 0.0121069,-0.157879,0.987384, 0.109837,0.981691,0.155622, -0.993876,0.106568,0.0292263), FOV = 49.5918 },
	[181] = { CFrame = CFrame.new(8.70781,0.206085,-141.88, 0.00985742,-0.158434,0.98732, 0.111853,0.981346,0.156358, -0.993676,0.108894,0.0273949), FOV = 49.4898 },
	[182] = { CFrame = CFrame.new(8.7078,0.206085,-142.577, 0.00760515,-0.158983,0.987252, 0.113866,0.980997,0.157098, -0.993467,0.111219,0.0255633), FOV = 49.3878 },
	[183] = { CFrame = CFrame.new(8.70781,0.206085,-143.275, 0.00535063,-0.159527,0.987179, 0.115875,0.980642,0.157842, -0.993249,0.113544,0.0237322), FOV = 49.2857 },
	[184] = { CFrame = CFrame.new(8.7078,0.206085,-143.972, 0.00309388,-0.160065,0.987101, 0.11788,0.980282,0.158589, -0.993023,0.115869,0.0219013), FOV = 49.1837 },
	[185] = { CFrame = CFrame.new(8.7078,0.206085,-144.67, 0.000834803,-0.160597,0.987019, 0.119882,0.979918,0.15934, -0.992788,0.118193,0.0200707), FOV = 49.0816 },
	[186] = { CFrame = CFrame.new(8.70779,0.206085,-145.367, -0.00142684,-0.161124,0.986933, 0.12188,0.979548,0.160095, -0.992544,0.120516,0.0182401), FOV = 48.9796 },
	[187] = { CFrame = CFrame.new(8.70781,0.206085,-146.065, -0.00369055,-0.161645,0.986842, 0.123875,0.979174,0.160853, -0.992291,0.122838,0.0164101), FOV = 48.8776 },
	[188] = { CFrame = CFrame.new(8.70779,0.206085,-146.762, -0.00595683,-0.162161,0.986746, 0.125866,0.978795,0.161614, -0.992029,0.12516,0.01458), FOV = 48.7755 },
	[189] = { CFrame = CFrame.new(8.70099,0.206085,-147.363, -0.00778405,-0.162399,0.986694, 0.127374,0.978526,0.16206, -0.991824,0.126941,0.0130686), FOV = 48.6735 },
	[190] = { CFrame = CFrame.new(8.69351,0.206085,-147.954, -0.00956779,-0.162607,0.986644, 0.128834,0.978266,0.162476, -0.99162,0.128667,0.0115894), FOV = 48.5714 },
	[191] = { CFrame = CFrame.new(8.68597,0.206085,-148.544, -0.0113482,-0.162809,0.986592, 0.130286,0.978004,0.162891, -0.991411,0.130388,0.0101131), FOV = 48.4694 },
	[192] = { CFrame = CFrame.new(8.67839,0.206116,-149.134, -0.013129,-0.163008,0.986537, 0.131736,0.97774,0.163307, -0.991198,0.132107,0.00863726), FOV = 48.3674 },
	[193] = { CFrame = CFrame.new(8.67084,0.206116,-149.724, -0.0149111,-0.163203,0.98648, 0.133184,0.977474,0.163726, -0.990979,0.133825,0.00716092), FOV = 48.2653 },
	[194] = { CFrame = CFrame.new(8.66329,0.206116,-150.314, -0.0166936,-0.163395,0.986419, 0.134631,0.977205,0.164147, -0.990755,0.135543,0.00568498), FOV = 48.1633 },
	[195] = { CFrame = CFrame.new(8.65572,0.206116,-150.904, -0.0184772,-0.163584,0.986356, 0.136076,0.976934,0.16457, -0.990526,0.13726,0.00420885), FOV = 48.0612 },
	[196] = { CFrame = CFrame.new(8.64817,0.206116,-151.494, -0.0202617,-0.16377,0.98629, 0.137518,0.97666,0.164996, -0.990292,0.138976,0.0027325), FOV = 47.9592 },
	[197] = { CFrame = CFrame.new(8.64062,0.206116,-152.084, -0.0220468,-0.163952,0.986222, 0.138959,0.976384,0.165423, -0.990052,0.140692,0.00125655), FOV = 47.8571 },
	[198] = { CFrame = CFrame.new(8.63307,0.206116,-152.674, -0.0238328,-0.164132,0.98615, 0.140398,0.976105,0.165853, -0.989808,0.142407,-0.000219532), FOV = 47.7551 },
	[199] = { CFrame = CFrame.new(8.62552,0.206116,-153.264, -0.0256196,-0.164308,0.986076, 0.141836,0.975824,0.166285, -0.989558,0.144121,-0.00169548), FOV = 47.6531 },
	[200] = { CFrame = CFrame.new(8.61796,0.206116,-153.854, -0.0274075,-0.164481,0.985999, 0.143271,0.97554,0.166719, -0.989304,0.145834,-0.0031718), FOV = 47.551 },
	[201] = { CFrame = CFrame.new(8.61038,0.206116,-154.443, -0.029196,-0.164651,0.985919, 0.144704,0.975254,0.167155, -0.989044,0.147547,-0.00464787), FOV = 47.449 },
	[202] = { CFrame = CFrame.new(8.60281,0.206116,-155.033, -0.0309858,-0.164817,0.985837, 0.146136,0.974965,0.167593, -0.988779,0.149259,-0.00612441), FOV = 47.3469 },
	[203] = { CFrame = CFrame.new(8.58847,0.206116,-155.527, -0.0323499,-0.164717,0.98581, 0.147075,0.974805,0.167705, -0.988596,0.150413,-0.00730901), FOV = 47.2449 },
	[204] = { CFrame = CFrame.new(8.57343,0.206116,-156.01, -0.0336719,-0.164589,0.985787, 0.147965,0.974656,0.167785, -0.988419,0.151511,-0.00846514), FOV = 47.1429 },
	[205] = { CFrame = CFrame.new(8.55834,0.206116,-156.493, -0.0349895,-0.164457,0.985763, 0.148849,0.974508,0.167862, -0.98824,0.152603,-0.00961829), FOV = 47.0408 },
	[206] = { CFrame = CFrame.new(8.5432,0.206116,-156.975, -0.0363068,-0.164323,0.985738, 0.149732,0.974359,0.167941, -0.98806,0.153694,-0.0107715), FOV = 46.9388 },
	[207] = { CFrame = CFrame.new(8.52808,0.206116,-157.457, -0.0376244,-0.164188,0.985711, 0.150614,0.97421,0.168021, -0.987876,0.154784,-0.0119251), FOV = 46.8367 },
	[208] = { CFrame = CFrame.new(8.51298,0.206116,-157.94, -0.0389415,-0.164051,0.985683, 0.151496,0.974059,0.168101, -0.98769,0.155873,-0.0130782), FOV = 46.7347 },
	[209] = { CFrame = CFrame.new(8.47447,0.206116,-158.343, -0.0397388,-0.164695,0.985543, 0.151562,0.973917,0.168864, -0.987648,0.156081,-0.0137408), FOV = 46.6327 },
	[210] = { CFrame = CFrame.new(8.43359,0.206116,-158.739, -0.0404833,-0.165418,0.985392, 0.151545,0.973775,0.169693, -0.987621,0.156201,-0.0143535), FOV = 46.5306 },
	[211] = { CFrame = CFrame.new(8.39251,0.206116,-159.135, -0.0412232,-0.166147,0.985239, 0.15152,0.973633,0.17053, -0.987594,0.156313,-0.0149617), FOV = 46.4286 },
	[212] = { CFrame = CFrame.new(8.3514,0.206116,-159.53, -0.0419627,-0.166878,0.985084, 0.151493,0.97349,0.171367, -0.987567,0.156424,-0.0155695), FOV = 46.3265 },
	[213] = { CFrame = CFrame.new(8.31026,0.206116,-159.925, -0.0427022,-0.167608,0.984928, 0.151465,0.973347,0.172204, -0.98754,0.156536,-0.0161774), FOV = 46.2245 },
	[214] = { CFrame = CFrame.new(8.26916,0.206116,-160.32, -0.0434417,-0.168337,0.984771, 0.151437,0.973203,0.17304, -0.987512,0.156648,-0.0167851), FOV = 46.1224 },
	[215] = { CFrame = CFrame.new(8.20466,0.206116,-160.636, -0.04364,-0.169433,0.984575, 0.150587,0.973139,0.174139, -0.987633,0.155864,-0.0169534), FOV = 46.0204 },
	[216] = { CFrame = CFrame.new(8.13782,0.206116,-160.945, -0.0437838,-0.170564,0.984373, 0.149656,0.973081,0.175264, -0.987768,0.154991,-0.0170792), FOV = 45.9184 },
	[217] = { CFrame = CFrame.new(8.07075,0.206116,-161.253, -0.0439214,-0.171699,0.98417, 0.148716,0.973021,0.176391, -0.987904,0.154109,-0.017202), FOV = 45.7143 },
	[218] = { CFrame = CFrame.new(8.00364,0.206116,-161.561, -0.0440584,-0.172835,0.983965, 0.147775,0.972959,0.177518, -0.988039,0.153226,-0.0173265), FOV = 45.7143 },
	[219] = { CFrame = CFrame.new(7.93654,0.206116,-161.868, -0.0441944,-0.17397,0.983759, 0.146833,0.972896,0.178645, -0.988173,0.152343,-0.017452), FOV = 45.6122 },
	[220] = { CFrame = CFrame.new(7.86943,0.206116,-162.176, -0.0443302,-0.175105,0.983551, 0.145891,0.97283,0.179772, -0.988307,0.151461,-0.0175794), FOV = 45.5102 },
	[221] = { CFrame = CFrame.new(7.81278,0.206116,-162.406, -0.0443158,-0.176763,0.983255, 0.14509,0.972648,0.181396, -0.988425,0.1507,-0.0174571), FOV = 45.4082 },
	[222] = { CFrame = CFrame.new(7.75715,0.206116,-162.629, -0.0442865,-0.178473,0.982947, 0.144303,0.972452,0.183069, -0.988542,0.14995,-0.0173123), FOV = 45.3061 },
	[223] = { CFrame = CFrame.new(7.70163,0.206116,-162.85, -0.0442552,-0.180188,0.982636, 0.143518,0.972251,0.184747, -0.988657,0.149202,-0.017167), FOV = 45.2041 },
	[224] = { CFrame = CFrame.new(7.63391,0.206116,-163.07, -0.0439947,-0.180808,0.982534, 0.14257,0.972284,0.185306, -0.988806,0.148232,-0.0169975), FOV = 45.102 },
	[225] = { CFrame = CFrame.new(7.56499,0.206146,-163.29, -0.043711,-0.181318,0.982452, 0.141606,0.972339,0.185752, -0.988957,0.147241,-0.0168262), FOV = 45 },
	[226] = { CFrame = CFrame.new(7.49592,0.206146,-163.51, -0.0434248,-0.181816,0.982373, 0.140641,0.972396,0.186187, -0.989108,0.146247,-0.0166553), FOV = 45 },
	[227] = { CFrame = CFrame.new(7.42685,0.206146,-163.73, -0.0431385,-0.182314,0.982293, 0.139675,0.972452,0.186621, -0.989257,0.145252,-0.0164855), FOV = 45 },
	[228] = { CFrame = CFrame.new(7.3578,0.206146,-163.949, -0.042852,-0.182811,0.982213, 0.138709,0.972507,0.187056, -0.989405,0.144258,-0.0163164), FOV = 45 },
	[229] = { CFrame = CFrame.new(7.28873,0.206146,-164.169, -0.0425652,-0.183307,0.982133, 0.137743,0.972561,0.18749, -0.989553,0.143263,-0.016148), FOV = 45 },
	[230] = { CFrame = CFrame.new(7.21968,0.206146,-164.389, -0.0422783,-0.183803,0.982053, 0.136777,0.972613,0.187925, -0.989699,0.142268,-0.0159803), FOV = 45 },
	[231] = { CFrame = CFrame.new(7.15061,0.206146,-164.609, -0.0419912,-0.184299,0.981972, 0.135811,0.972664,0.18836, -0.989844,0.141272,-0.0158134), FOV = 45 },
	[232] = { CFrame = CFrame.new(7.06932,0.206146,-164.827, -0.0414806,-0.183699,0.982107, 0.134682,0.972954,0.187676, -0.99002,0.140057,-0.0156178), FOV = 45 },
	[233] = { CFrame = CFrame.new(6.98679,0.206146,-165.045, -0.0409486,-0.182989,0.982262, 0.133535,0.973265,0.18688, -0.990198,0.138819,-0.0154184), FOV = 45 },
	[234] = { CFrame = CFrame.new(6.90414,0.206146,-165.263, -0.0404161,-0.182267,0.982418, 0.132386,0.973576,0.186072, -0.990374,0.137579,-0.0152186), FOV = 45 },
	[235] = { CFrame = CFrame.new(6.81478,0.210052,-165.445, -0.0394796,-0.179452,0.982974, 0.131216,0.974291,0.183137, -0.990567,0.136212,-0.0149177), FOV = 45 },
	[236] = { CFrame = CFrame.new(6.72474,0.214325,-165.623, -0.0385094,-0.176424,0.98356, 0.13004,0.975036,0.179986, -0.99076,0.134834,-0.0146058), FOV = 45 },
	[237] = { CFrame = CFrame.new(6.63463,0.218658,-165.801, -0.0375419,-0.173371,0.98414, 0.12886,0.975773,0.176813, -0.990952,0.133455,-0.0142917), FOV = 45 },
	[238] = { CFrame = CFrame.new(6.5445,0.222992,-165.979, -0.0365811,-0.170312,0.984711, 0.127677,0.976499,0.173635, -0.991141,0.132077,-0.0139764), FOV = 45 },
	[239] = { CFrame = CFrame.new(6.45437,0.227325,-166.158, -0.0356271,-0.16725,0.98527, 0.12649,0.977213,0.170456, -0.991328,0.130699,-0.0136599), FOV = 45 },
	[240] = { CFrame = CFrame.new(6.3144,0.246918,-166.263, -0.0147718,-0.160982,0.986847, 0.125187,0.978891,0.161558, -0.992023,0.125927,0.00569289), FOV = 45 },
	[241] = { CFrame = CFrame.new(6.16947,0.268036,-166.361, 0.00806149,-0.154235,0.988001, 0.123652,0.980604,0.152072, -0.992293,0.120943,0.0269767), FOV = 45 },
	[242] = { CFrame = CFrame.new(6.02405,0.289307,-166.459, 0.0310654,-0.147291,0.988605, 0.12188,0.98226,0.142516, -0.992058,0.116064,0.0484661), FOV = 45 },
	[243] = { CFrame = CFrame.new(5.87855,0.310608,-166.557, 0.0540462,-0.140181,0.988649, 0.11987,0.983848,0.132948, -0.991317,0.111324,0.0699767), FOV = 45 },
