-- UFW Camera Cutscene — generated by UFW_CamRecorder
-- CFrames are relative to HumanoidRootPart at record time.
--
-- Playback:
--   camera.CFrame      = anchorHRP.CFrame:ToWorldSpace(entry.cf)
--   camera.FieldOfView = entry.fov

local frames = {
    { t = 0.0141, fov = 70.0000, cf = CFrame.new(1.745754, 6.183960, 11.622322, 1.000000, 0.000000, 0.000000, -0.000000, 0.922771, 0.385348, -0.000000, -0.385348, 0.922771) },
    { t = 0.0306, fov = 74.4281, cf = CFrame.new(-25912.529297, -439.553436, 38098.773438, 0.528076, -0.041168, 0.848198, -0.020923, 0.997890, 0.061460, -0.848939, -0.050202, 0.526101) },
    { t = 0.0475, fov = 72.4536, cf = CFrame.new(-25912.443359, -439.800690, 38098.898438, 0.530250, -0.025975, 0.847444, 0.006108, 0.999622, 0.026817, -0.847820, -0.009043, 0.530208) },
    { t = 0.0635, fov = 70.5277, cf = CFrame.new(-25912.359375, -440.009003, 38099.035156, 0.535499, -0.012823, 0.844439, 0.014145, 0.999880, 0.006213, -0.844417, 0.008618, 0.535616) },
    { t = 0.0805, fov = 65.0000, cf = CFrame.new(-25912.371094, -439.884857, 38099.042969, 0.537017, -0.053714, 0.841860, 0.014190, 0.998405, 0.054650, -0.843452, -0.017402, 0.536923) },
    { t = 0.0974, fov = 65.0000, cf = CFrame.new(-25911.666016, -439.971130, 38099.531250, 0.561007, -0.167629, 0.810661, 0.014945, 0.981174, 0.192546, -0.827676, -0.095904, 0.552950) },
    { t = 0.1140, fov = 65.0000, cf = CFrame.new(-25911.666016, -439.971130, 38099.531250, 0.561007, -0.167629, 0.810661, 0.014945, 0.981174, 0.192546, -0.827676, -0.095904, 0.552950) },
    { t = 0.1309, fov = 65.0000, cf = CFrame.new(-25911.666016, -439.971130, 38099.531250, 0.561007, -0.167629, 0.810661, 0.014945, 0.981174, 0.192546, -0.827676, -0.095904, 0.552950) },
    { t = 0.1476, fov = 65.0000, cf = CFrame.new(-25911.666016, -439.971130, 38099.531250, 0.561007, -0.167629, 0.810661, 0.014945, 0.981174, 0.192546, -0.827676, -0.095904, 0.552951) },
    { t = 0.1641, fov = 65.0000, cf = CFrame.new(-25911.666016, -439.971130, 38099.531250, 0.561007, -0.167629, 0.810661, 0.014945, 0.981174, 0.192546, -0.827676, -0.095904, 0.552950) },
    { t = 0.1811, fov = 65.0000, cf = CFrame.new(-25911.666016, -439.971130, 38099.531250, 0.561007, -0.167629, 0.810661, 0.014945, 0.981174, 0.192546, -0.827676, -0.095904, 0.552950) },
    { t = 0.1978, fov = 65.0000, cf = CFrame.new(-25911.666016, -439.971130, 38099.531250, 0.561007, -0.167629, 0.810661, 0.014945, 0.981174, 0.192546, -0.827676, -0.095904, 0.552950) },
    { t = 0.2146, fov = 65.0000, cf = CFrame.new(-25911.666016, -439.971130, 38099.531250, 0.561007, -0.167629, 0.810661, 0.014945, 0.981174, 0.192546, -0.827676, -0.095904, 0.552950) },
    { t = 0.2313, fov = 67.1692, cf = CFrame.new(-25911.761719, -440.027649, 38099.464844, 0.556578, -0.129333, 0.820667, 0.014530, 0.989173, 0.146034, -0.830668, -0.069355, 0.552431) },
    { t = 0.2471, fov = 68.0491, cf = CFrame.new(-25912.052734, -440.197693, 38099.265625, 0.552614, -0.011749, 0.833354, 0.014835, 0.999881, 0.004260, -0.833305, 0.010008, 0.552723) },
    { t = 0.2640, fov = 68.7115, cf = CFrame.new(-25912.052734, -440.197693, 38099.265625, 0.552614, -0.011749, 0.833354, 0.014835, 0.999881, 0.004260, -0.833305, 0.010008, 0.552723) },
    { t = 0.2813, fov = 68.7115, cf = CFrame.new(-25912.052734, -440.197693, 38099.265625, 0.552614, -0.011749, 0.833354, 0.014835, 0.999881, 0.004260, -0.833305, 0.010008, 0.552723) },
    { t = 0.2981, fov = 69.2592, cf = CFrame.new(-25912.052734, -440.197693, 38099.265625, 0.552614, -0.011749, 0.833354, 0.014835, 0.999881, 0.004260, -0.833305, 0.010008, 0.552723) },
    { t = 0.3149, fov = 69.7320, cf = CFrame.new(-25912.060547, -440.216675, 38099.277344, 0.550954, 0.067424, 0.831808, 0.014886, 0.995778, -0.090576, -0.834403, 0.062285, 0.547624) },
    { t = 0.3312, fov = 70.5277, cf = CFrame.new(-25912.072266, -440.231750, 38099.289062, 0.550954, 0.067424, 0.831808, 0.014886, 0.995778, -0.090576, -0.834403, 0.062285, 0.547624) },
    { t = 0.3478, fov = 70.5277, cf = CFrame.new(-25912.099609, -440.277069, 38099.328125, 0.550954, 0.067424, 0.831808, 0.014886, 0.995778, -0.090576, -0.834403, 0.062285, 0.547624) },
    { t = 0.3647, fov = 70.8709, cf = CFrame.new(-25912.099609, -440.277069, 38099.328125, 0.550954, 0.067424, 0.831808, 0.014886, 0.995778, -0.090576, -0.834403, 0.062285, 0.547624) },
    { t = 0.3804, fov = 71.1859, cf = CFrame.new(-25912.099609, -440.277069, 38099.328125, 0.550954, 0.067424, 0.831808, 0.014886, 0.995778, -0.090576, -0.834403, 0.062285, 0.547624) },
    { t = 0.3971, fov = 71.4769, cf = CFrame.new(-25912.044922, -440.227112, 38099.253906, 0.550954, 0.067424, 0.831808, 0.014886, 0.995778, -0.090576, -0.834403, 0.062285, 0.547624) },
    { t = 0.4139, fov = 71.7470, cf = CFrame.new(-25912.044922, -440.227112, 38099.253906, 0.550954, 0.067424, 0.831808, 0.014886, 0.995778, -0.090576, -0.834403, 0.062285, 0.547624) },
    { t = 0.4305, fov = 71.9985, cf = CFrame.new(-25912.091797, -440.190308, 38099.328125, 0.550954, 0.067424, 0.831808, 0.014886, 0.995778, -0.090576, -0.834403, 0.062285, 0.547624) },
    { t = 0.4473, fov = 72.2336, cf = CFrame.new(-25912.091797, -440.190308, 38099.328125, 0.550954, 0.067424, 0.831808, 0.014886, 0.995778, -0.090576, -0.834403, 0.062285, 0.547624) },
    { t = 0.4641, fov = 72.4536, cf = CFrame.new(-25912.091797, -440.190308, 38099.328125, 0.550954, 0.067424, 0.831808, 0.014886, 0.995778, -0.090576, -0.834403, 0.062285, 0.547624) },
    { t = 0.4808, fov = 72.6599, cf = CFrame.new(-25912.066406, -440.236847, 38099.285156, 0.550954, 0.067424, 0.831808, 0.014886, 0.995778, -0.090576, -0.834403, 0.062285, 0.547624) },
    { t = 0.4975, fov = 72.8535, cf = CFrame.new(-25912.066406, -440.236847, 38099.285156, 0.550954, 0.067424, 0.831808, 0.014886, 0.995778, -0.090576, -0.834403, 0.062285, 0.547624) },
    { t = 0.5139, fov = 73.0355, cf = CFrame.new(-25912.052734, -440.209229, 38099.265625, 0.550954, 0.067424, 0.831808, 0.014886, 0.995778, -0.090576, -0.834403, 0.062285, 0.547624) },
    { t = 0.5310, fov = 73.2065, cf = CFrame.new(-25912.052734, -440.209229, 38099.265625, 0.550954, 0.067424, 0.831808, 0.014886, 0.995778, -0.090576, -0.834403, 0.062285, 0.547624) },
    { t = 0.5478, fov = 73.3673, cf = CFrame.new(-25912.052734, -440.209229, 38099.265625, 0.550954, 0.067424, 0.831808, 0.014886, 0.995778, -0.090576, -0.834403, 0.062285, 0.547624) },
    { t = 0.5643, fov = 73.5184, cf = CFrame.new(-25912.074219, -440.219025, 38099.296875, 0.550954, 0.067424, 0.831808, 0.014886, 0.995778, -0.090576, -0.834403, 0.062285, 0.547624) },
    { t = 0.5813, fov = 73.6603, cf = CFrame.new(-25912.074219, -440.219025, 38099.296875, 0.550954, 0.067424, 0.831808, 0.014886, 0.995778, -0.090576, -0.834403, 0.062285, 0.547624) },
    { t = 0.5980, fov = 73.7934, cf = CFrame.new(-25912.066406, -440.219879, 38099.285156, 0.550954, 0.067424, 0.831808, 0.014886, 0.995778, -0.090576, -0.834403, 0.062285, 0.547624) },
    { t = 0.6148, fov = 73.9183, cf = CFrame.new(-25912.066406, -440.219879, 38099.285156, 0.550954, 0.067424, 0.831808, 0.014886, 0.995778, -0.090576, -0.834403, 0.062285, 0.547624) },
    { t = 0.6314, fov = 74.0351, cf = CFrame.new(-25912.066406, -440.219879, 38099.285156, 0.550954, 0.067424, 0.831808, 0.014886, 0.995778, -0.090576, -0.834403, 0.062285, 0.547624) },
    { t = 0.6482, fov = 74.1442, cf = CFrame.new(-25912.070312, -440.219452, 38099.289062, 0.550954, 0.067424, 0.831808, 0.014886, 0.995778, -0.090576, -0.834403, 0.062285, 0.547624) },
    { t = 0.6652, fov = 74.2459, cf = CFrame.new(-25912.072266, -440.219208, 38099.289062, 0.550954, 0.067424, 0.831808, 0.014886, 0.995778, -0.090576, -0.834403, 0.062285, 0.547624) },
    { t = 0.6815, fov = 74.4281, cf = CFrame.new(-25912.074219, -440.218903, 38099.289062, 0.550954, 0.067424, 0.831808, 0.014886, 0.995778, -0.090576, -0.834403, 0.062285, 0.547624) },
    { t = 0.6975, fov = 74.4281, cf = CFrame.new(-25912.074219, -440.218750, 38099.289062, 0.550954, 0.067424, 0.831808, 0.014886, 0.995778, -0.090576, -0.834403, 0.062285, 0.547624) },
    { t = 0.7140, fov = 74.5089, cf = CFrame.new(-25912.076172, -440.218506, 38099.285156, 0.550954, 0.067424, 0.831808, 0.014886, 0.995778, -0.090576, -0.834403, 0.062285, 0.547624) },
    { t = 0.7316, fov = 74.5831, cf = CFrame.new(-25912.076172, -440.218262, 38099.285156, 0.550954, 0.067424, 0.831808, 0.014886, 0.995778, -0.090576, -0.834403, 0.062285, 0.547624) },
    { t = 0.7482, fov = 74.6509, cf = CFrame.new(-25912.078125, -440.218048, 38099.285156, 0.550954, 0.067424, 0.831808, 0.014886, 0.995778, -0.090576, -0.834403, 0.062285, 0.547624) },
    { t = 0.7655, fov = 74.7124, cf = CFrame.new(-25912.080078, -440.217804, 38099.285156, 0.550954, 0.067424, 0.831808, 0.014886, 0.995778, -0.090576, -0.834403, 0.062285, 0.547624) },
    { t = 0.7816, fov = 74.8169, cf = CFrame.new(-25912.082031, -440.217529, 38099.281250, 0.550954, 0.067424, 0.831808, 0.014886, 0.995778, -0.090576, -0.834403, 0.062285, 0.547624) },
    { t = 0.7976, fov = 74.8601, cf = CFrame.new(-25912.082031, -440.217285, 38099.281250, 0.550954, 0.067424, 0.831808, 0.014886, 0.995778, -0.090576, -0.834403, 0.062285, 0.547624) },
    { t = 0.8139, fov = 74.8601, cf = CFrame.new(-25912.083984, -440.217102, 38099.281250, 0.550954, 0.067424, 0.831808, 0.014886, 0.995778, -0.090576, -0.834403, 0.062285, 0.547624) },
    { t = 0.8307, fov = 74.8974, cf = CFrame.new(-25912.083984, -440.216888, 38099.281250, 0.550954, 0.067424, 0.831808, 0.014886, 0.995778, -0.090576, -0.834403, 0.062285, 0.547624) },
    { t = 0.8473, fov = 74.9545, cf = CFrame.new(-25912.085938, -440.216583, 38099.281250, 0.550954, 0.067424, 0.831808, 0.014886, 0.995778, -0.090576, -0.834403, 0.062285, 0.547624) },
    { t = 0.8643, fov = 74.9745, cf = CFrame.new(-25912.087891, -440.216339, 38099.277344, 0.550954, 0.067424, 0.831808, 0.014886, 0.995778, -0.090576, -0.834403, 0.062285, 0.547624) },
    { t = 0.8809, fov = 74.9745, cf = CFrame.new(-25912.087891, -440.216187, 38099.277344, 0.550954, 0.067424, 0.831808, 0.014886, 0.995778, -0.090576, -0.834403, 0.062285, 0.547624) },
    { t = 0.8977, fov = 74.9972, cf = CFrame.new(-25912.089844, -440.215881, 38099.277344, 0.550954, 0.067424, 0.831808, 0.014886, 0.995778, -0.090576, -0.834403, 0.062285, 0.547624) },
    { t = 0.9154, fov = 74.9972, cf = CFrame.new(-25912.091797, -440.215698, 38099.277344, 0.550954, 0.067424, 0.831808, 0.014886, 0.995778, -0.090576, -0.834403, 0.062285, 0.547624) },
    { t = 0.9314, fov = 60.0000, cf = CFrame.new(-25914.697266, -440.343140, 38100.320312, 0.830262, 0.045347, 0.555525, -0.002745, 0.997005, -0.077283, -0.557366, 0.062640, 0.827901) },
    { t = 0.9479, fov = 60.0000, cf = CFrame.new(-25922.572266, -440.718781, 38103.289062, 0.827044, 0.000000, -0.562137, -0.000000, 1.000000, -0.000000, 0.562137, 0.000000, 0.827044) },
    { t = 0.9650, fov = 60.0000, cf = CFrame.new(-25922.562500, -440.718781, 38103.292969, 0.827044, 0.000000, -0.562137, -0.000000, 1.000000, -0.000000, 0.562137, 0.000000, 0.827044) },
    { t = 0.9809, fov = 60.0000, cf = CFrame.new(-25922.552734, -440.718781, 38103.300781, 0.827044, 0.000000, -0.562137, -0.000000, 1.000000, -0.000000, 0.562137, 0.000000, 0.827044) },
    { t = 0.9982, fov = 60.0000, cf = CFrame.new(-25922.542969, -440.718781, 38103.308594, 0.827044, 0.000000, -0.562137, -0.000000, 1.000000, -0.000000, 0.562137, 0.000000, 0.827044) },
    { t = 1.0149, fov = 60.0000, cf = CFrame.new(-25922.533203, -440.718781, 38103.316406, 0.827044, 0.000000, -0.562137, -0.000000, 1.000000, -0.000000, 0.562137, 0.000000, 0.827044) },
    { t = 1.0315, fov = 60.0000, cf = CFrame.new(-25922.521484, -440.718781, 38103.324219, 0.827044, 0.000000, -0.562137, -0.000000, 1.000000, -0.000000, 0.562137, 0.000000, 0.827044) },
    { t = 1.0481, fov = 60.0000, cf = CFrame.new(-25922.511719, -440.718781, 38103.328125, 0.827044, 0.000000, -0.562137, -0.000000, 1.000000, -0.000000, 0.562137, 0.000000, 0.827044) },
    { t = 1.0648, fov = 60.0000, cf = CFrame.new(-25922.501953, -440.718781, 38103.335938, 0.827044, 0.000000, -0.562137, -0.000000, 1.000000, -0.000000, 0.562137, 0.000000, 0.827044) },
    { t = 1.0806, fov = 60.0000, cf = CFrame.new(-25922.492188, -440.718781, 38103.343750, 0.827044, 0.000000, -0.562137, -0.000000, 1.000000, -0.000000, 0.562137, 0.000000, 0.827044) },
    { t = 1.0976, fov = 60.0000, cf = CFrame.new(-25922.484375, -440.718781, 38103.347656, 0.827044, 0.000000, -0.562137, -0.000000, 1.000000, -0.000000, 0.562137, 0.000000, 0.827044) },
    { t = 1.1148, fov = 60.0000, cf = CFrame.new(-25922.474609, -440.718781, 38103.355469, 0.827044, 0.000000, -0.562137, -0.000000, 1.000000, -0.000000, 0.562137, 0.000000, 0.827044) },
    { t = 1.1314, fov = 60.0000, cf = CFrame.new(-25922.460938, -440.718781, 38103.363281, 0.827044, 0.000000, -0.562137, -0.000000, 1.000000, -0.000000, 0.562137, 0.000000, 0.827044) },
    { t = 1.1474, fov = 60.0000, cf = CFrame.new(-25922.451172, -440.718781, 38103.371094, 0.827044, 0.000000, -0.562137, -0.000000, 1.000000, -0.000000, 0.562137, 0.000000, 0.827044) },
    { t = 1.1646, fov = 60.0000, cf = CFrame.new(-25922.443359, -440.718781, 38103.375000, 0.827044, 0.000000, -0.562137, -0.000000, 1.000000, -0.000000, 0.562137, 0.000000, 0.827044) },
    { t = 1.1813, fov = 60.0000, cf = CFrame.new(-25922.433594, -440.718781, 38103.382812, 0.827044, 0.000000, -0.562137, -0.000000, 1.000000, -0.000000, 0.562137, 0.000000, 0.827044) },
    { t = 1.1973, fov = 60.0000, cf = CFrame.new(-25922.421875, -440.718781, 38103.390625, 0.827044, 0.000000, -0.562137, -0.000000, 1.000000, -0.000000, 0.562137, 0.000000, 0.827044) },
    { t = 1.2137, fov = 60.0000, cf = CFrame.new(-25922.412109, -440.718781, 38103.398438, 0.827044, 0.000000, -0.562137, -0.000000, 1.000000, -0.000000, 0.562137, 0.000000, 0.827044) },
    { t = 1.2307, fov = 60.0000, cf = CFrame.new(-25922.402344, -440.718781, 38103.402344, 0.827044, 0.000000, -0.562137, -0.000000, 1.000000, -0.000000, 0.562137, 0.000000, 0.827044) },
    { t = 1.2471, fov = 60.0000, cf = CFrame.new(-25922.392578, -440.718781, 38103.410156, 0.827044, 0.000000, -0.562137, -0.000000, 1.000000, -0.000000, 0.562137, 0.000000, 0.827044) },
    { t = 1.2639, fov = 60.0000, cf = CFrame.new(-25922.380859, -440.718781, 38103.417969, 0.827044, 0.000000, -0.562137, -0.000000, 1.000000, -0.000000, 0.562137, 0.000000, 0.827044) },
    { t = 1.2807, fov = 60.0000, cf = CFrame.new(-25922.371094, -440.718781, 38103.425781, 0.827044, 0.000000, -0.562137, -0.000000, 1.000000, -0.000000, 0.562137, 0.000000, 0.827044) },
    { t = 1.2975, fov = 60.0000, cf = CFrame.new(-25922.361328, -440.718781, 38103.433594, 0.827044, 0.000000, -0.562137, -0.000000, 1.000000, -0.000000, 0.562137, 0.000000, 0.827044) },
    { t = 1.3143, fov = 60.0000, cf = CFrame.new(-25922.351562, -440.718781, 38103.437500, 0.827044, 0.000000, -0.562137, -0.000000, 1.000000, -0.000000, 0.562137, 0.000000, 0.827044) },
    { t = 1.3310, fov = 60.0000, cf = CFrame.new(-25922.341797, -440.718781, 38103.445312, 0.827044, 0.000000, -0.562137, -0.000000, 1.000000, -0.000000, 0.562137, 0.000000, 0.827044) },
    { t = 1.3478, fov = 60.0000, cf = CFrame.new(-25922.330078, -440.718781, 38103.453125, 0.827044, 0.000000, -0.562137, -0.000000, 1.000000, -0.000000, 0.562137, 0.000000, 0.827044) },
    { t = 1.3646, fov = 60.0000, cf = CFrame.new(-25922.320312, -440.718781, 38103.460938, 0.827044, 0.000000, -0.562137, -0.000000, 1.000000, -0.000000, 0.562137, 0.000000, 0.827044) },
    { t = 1.3812, fov = 60.0000, cf = CFrame.new(-25922.310547, -440.718781, 38103.464844, 0.827044, 0.000000, -0.562137, -0.000000, 1.000000, -0.000000, 0.562137, 0.000000, 0.827044) },
    { t = 1.3981, fov = 60.0000, cf = CFrame.new(-25922.300781, -440.718781, 38103.472656, 0.827044, 0.000000, -0.562137, -0.000000, 1.000000, -0.000000, 0.562137, 0.000000, 0.827044) },
    { t = 1.4150, fov = 60.0000, cf = CFrame.new(-25922.289062, -440.718781, 38103.480469, 0.827044, 0.000000, -0.562137, -0.000000, 1.000000, -0.000000, 0.562137, 0.000000, 0.827044) },
    { t = 1.4314, fov = 60.0000, cf = CFrame.new(-25922.277344, -440.718781, 38103.488281, 0.827044, 0.000000, -0.562137, -0.000000, 1.000000, -0.000000, 0.562137, 0.000000, 0.827044) },
    { t = 1.4480, fov = 60.0000, cf = CFrame.new(-25922.269531, -440.718781, 38103.496094, 0.827044, 0.000000, -0.562137, -0.000000, 1.000000, -0.000000, 0.562137, 0.000000, 0.827044) },
    { t = 1.4648, fov = 60.0000, cf = CFrame.new(-25922.259766, -440.718781, 38103.500000, 0.827044, 0.000000, -0.562137, -0.000000, 1.000000, -0.000000, 0.562137, 0.000000, 0.827044) },
    { t = 1.4814, fov = 60.0000, cf = CFrame.new(-25922.248047, -440.718781, 38103.507812, 0.827044, 0.000000, -0.562137, -0.000000, 1.000000, -0.000000, 0.562137, 0.000000, 0.827044) },
    { t = 1.4980, fov = 60.0000, cf = CFrame.new(-25922.238281, -440.718781, 38103.515625, 0.827044, 0.000000, -0.562137, -0.000000, 1.000000, -0.000000, 0.562137, 0.000000, 0.827044) },
    { t = 1.5148, fov = 60.0000, cf = CFrame.new(-25922.228516, -440.718781, 38103.523438, 0.827044, 0.000000, -0.562137, -0.000000, 1.000000, -0.000000, 0.562137, 0.000000, 0.827044) },
    { t = 1.5313, fov = 60.0000, cf = CFrame.new(-25922.218750, -440.718781, 38103.527344, 0.827044, 0.000000, -0.562137, -0.000000, 1.000000, -0.000000, 0.562137, 0.000000, 0.827044) },
    { t = 1.5480, fov = 60.0000, cf = CFrame.new(-25922.208984, -440.718781, 38103.535156, 0.827044, 0.000000, -0.562137, -0.000000, 1.000000, -0.000000, 0.562137, 0.000000, 0.827044) },
    { t = 1.5648, fov = 60.0000, cf = CFrame.new(-25922.197266, -440.718781, 38103.542969, 0.827044, 0.000000, -0.562137, -0.000000, 1.000000, -0.000000, 0.562137, 0.000000, 0.827044) },
    { t = 1.5815, fov = 60.0000, cf = CFrame.new(-25922.187500, -440.718781, 38103.550781, 0.827044, 0.000000, -0.562137, -0.000000, 1.000000, -0.000000, 0.562137, 0.000000, 0.827044) },
    { t = 1.5972, fov = 60.0000, cf = CFrame.new(-25922.177734, -440.718781, 38103.558594, 0.827044, 0.000000, -0.562137, -0.000000, 1.000000, -0.000000, 0.562137, 0.000000, 0.827044) },
    { t = 1.6140, fov = 60.0000, cf = CFrame.new(-25922.167969, -440.718781, 38103.562500, 0.827044, 0.000000, -0.562137, -0.000000, 1.000000, -0.000000, 0.562137, 0.000000, 0.827044) },
    { t = 1.6307, fov = 60.0000, cf = CFrame.new(-25922.156250, -440.718781, 38103.570312, 0.827044, 0.000000, -0.562137, -0.000000, 1.000000, -0.000000, 0.562137, 0.000000, 0.827044) },
    { t = 1.6473, fov = 60.0000, cf = CFrame.new(-25922.146484, -440.718781, 38103.578125, 0.827044, 0.000000, -0.562137, -0.000000, 1.000000, -0.000000, 0.562137, 0.000000, 0.827044) },
    { t = 1.6644, fov = 60.0000, cf = CFrame.new(-25922.136719, -440.718781, 38103.585938, 0.827044, 0.000000, -0.562137, -0.000000, 1.000000, -0.000000, 0.562137, 0.000000, 0.827044) },
    { t = 1.6808, fov = 60.0000, cf = CFrame.new(-25922.126953, -440.718781, 38103.589844, 0.827044, 0.000000, -0.562137, -0.000000, 1.000000, -0.000000, 0.562137, 0.000000, 0.827044) },
    { t = 1.6977, fov = 60.0000, cf = CFrame.new(-25922.117188, -440.718781, 38103.597656, 0.827044, 0.000000, -0.562137, -0.000000, 1.000000, -0.000000, 0.562137, 0.000000, 0.827044) },
    { t = 1.7140, fov = 60.0000, cf = CFrame.new(-25922.105469, -440.718781, 38103.605469, 0.827044, 0.000000, -0.562137, -0.000000, 1.000000, -0.000000, 0.562137, 0.000000, 0.827044) },
    { t = 1.7311, fov = 60.0000, cf = CFrame.new(-25922.095703, -440.718781, 38103.613281, 0.827044, 0.000000, -0.562137, -0.000000, 1.000000, -0.000000, 0.562137, 0.000000, 0.827044) },
    { t = 1.7472, fov = 60.0000, cf = CFrame.new(-25922.085938, -440.718781, 38103.621094, 0.827044, 0.000000, -0.562137, -0.000000, 1.000000, -0.000000, 0.562137, 0.000000, 0.827044) },
    { t = 1.7645, fov = 60.0000, cf = CFrame.new(-25922.076172, -440.718781, 38103.625000, 0.827044, 0.000000, -0.562137, -0.000000, 1.000000, -0.000000, 0.562137, 0.000000, 0.827044) },
    { t = 1.7805, fov = 60.0000, cf = CFrame.new(-25922.064453, -440.718781, 38103.632812, 0.827044, 0.000000, -0.562137, -0.000000, 1.000000, -0.000000, 0.562137, 0.000000, 0.827044) },
    { t = 1.7976, fov = 60.0000, cf = CFrame.new(-25922.054688, -440.718781, 38103.640625, 0.827044, 0.000000, -0.562137, -0.000000, 1.000000, -0.000000, 0.562137, 0.000000, 0.827044) },
    { t = 1.8149, fov = 60.0000, cf = CFrame.new(-25922.044922, -440.718781, 38103.648438, 0.827044, 0.000000, -0.562137, -0.000000, 1.000000, -0.000000, 0.562137, 0.000000, 0.827044) },
    { t = 1.8316, fov = 60.0000, cf = CFrame.new(-25922.035156, -440.718781, 38103.652344, 0.827044, 0.000000, -0.562137, -0.000000, 1.000000, -0.000000, 0.562137, 0.000000, 0.827044) },
    { t = 1.8475, fov = 60.0000, cf = CFrame.new(-25922.023438, -440.718781, 38103.660156, 0.827044, 0.000000, -0.562137, -0.000000, 1.000000, -0.000000, 0.562137, 0.000000, 0.827044) },
    { t = 1.8649, fov = 60.0000, cf = CFrame.new(-25922.013672, -440.718781, 38103.667969, 0.827044, 0.000000, -0.562137, -0.000000, 1.000000, -0.000000, 0.562137, 0.000000, 0.827044) },
    { t = 1.8814, fov = 60.0000, cf = CFrame.new(-25922.003906, -440.718781, 38103.675781, 0.827044, 0.000000, -0.562137, -0.000000, 1.000000, -0.000000, 0.562137, 0.000000, 0.827044) },
    { t = 1.8982, fov = 60.0000, cf = CFrame.new(-25921.994141, -440.718781, 38103.683594, 0.827044, 0.000000, -0.562137, -0.000000, 1.000000, -0.000000, 0.562137, 0.000000, 0.827044) },
    { t = 1.9152, fov = 60.0000, cf = CFrame.new(-25921.984375, -440.718781, 38103.687500, 0.827044, 0.000000, -0.562137, -0.000000, 1.000000, -0.000000, 0.562137, 0.000000, 0.827044) },
    { t = 1.9306, fov = 60.0000, cf = CFrame.new(-25921.970703, -440.718781, 38103.699219, 0.827044, 0.000000, -0.562137, -0.000000, 1.000000, -0.000000, 0.562137, 0.000000, 0.827044) },
    { t = 1.9479, fov = 60.0000, cf = CFrame.new(-25921.962891, -440.718781, 38103.703125, 0.827044, 0.000000, -0.562137, -0.000000, 1.000000, -0.000000, 0.562137, 0.000000, 0.827044) },
    { t = 1.9649, fov = 60.0000, cf = CFrame.new(-25921.953125, -440.718781, 38103.710938, 0.827044, 0.000000, -0.562137, -0.000000, 1.000000, -0.000000, 0.562137, 0.000000, 0.827044) },
    { t = 1.9815, fov = 60.0000, cf = CFrame.new(-25921.939453, -440.718781, 38103.718750, 0.827044, 0.000000, -0.562137, -0.000000, 1.000000, -0.000000, 0.562137, 0.000000, 0.827044) },
    { t = 1.9972, fov = 60.0000, cf = CFrame.new(-25921.931641, -440.718781, 38103.722656, 0.827044, 0.000000, -0.562137, -0.000000, 1.000000, -0.000000, 0.562137, 0.000000, 0.827044) },
    { t = 2.0140, fov = 60.0000, cf = CFrame.new(-25921.921875, -440.718781, 38103.730469, 0.827044, 0.000000, -0.562137, -0.000000, 1.000000, -0.000000, 0.562137, 0.000000, 0.827044) },
    { t = 2.0304, fov = 60.0000, cf = CFrame.new(-25921.912109, -440.718781, 38103.738281, 0.827044, 0.000000, -0.562137, -0.000000, 1.000000, -0.000000, 0.562137, 0.000000, 0.827044) },
    { t = 2.0473, fov = 60.0000, cf = CFrame.new(-25921.902344, -440.718781, 38103.746094, 0.827044, 0.000000, -0.562137, -0.000000, 1.000000, -0.000000, 0.562137, 0.000000, 0.827044) },
    { t = 2.0641, fov = 60.0000, cf = CFrame.new(-25921.890625, -440.718781, 38103.750000, 0.827044, 0.000000, -0.562137, -0.000000, 1.000000, -0.000000, 0.562137, 0.000000, 0.827044) },
    { t = 2.0808, fov = 60.0000, cf = CFrame.new(-25921.878906, -440.718781, 38103.761719, 0.827044, 0.000000, -0.562137, -0.000000, 1.000000, -0.000000, 0.562137, 0.000000, 0.827044) },
    { t = 2.0977, fov = 60.0000, cf = CFrame.new(-25921.871094, -440.718781, 38103.765625, 0.827044, 0.000000, -0.562137, -0.000000, 1.000000, -0.000000, 0.562137, 0.000000, 0.827044) },
    { t = 2.1144, fov = 60.0000, cf = CFrame.new(-25921.861328, -440.718781, 38103.773438, 0.827044, 0.000000, -0.562137, -0.000000, 1.000000, -0.000000, 0.562137, 0.000000, 0.827044) },
    { t = 2.1311, fov = 60.0000, cf = CFrame.new(-25921.851562, -440.718781, 38103.777344, 0.827044, 0.000000, -0.562137, -0.000000, 1.000000, -0.000000, 0.562137, 0.000000, 0.827044) },
    { t = 2.1478, fov = 60.0000, cf = CFrame.new(-25921.839844, -440.718781, 38103.785156, 0.827044, 0.000000, -0.562137, -0.000000, 1.000000, -0.000000, 0.562137, 0.000000, 0.827044) },
    { t = 2.1650, fov = 60.0000, cf = CFrame.new(-25921.830078, -440.718781, 38103.792969, 0.827044, 0.000000, -0.562137, -0.000000, 1.000000, -0.000000, 0.562137, 0.000000, 0.827044) },
    { t = 2.1813, fov = 60.0000, cf = CFrame.new(-25921.820312, -440.718781, 38103.800781, 0.827044, 0.000000, -0.562137, -0.000000, 1.000000, -0.000000, 0.562137, 0.000000, 0.827044) },
    { t = 2.1982, fov = 60.0000, cf = CFrame.new(-25921.810547, -440.718781, 38103.808594, 0.827044, 0.000000, -0.562137, -0.000000, 1.000000, -0.000000, 0.562137, 0.000000, 0.827044) },
    { t = 2.2143, fov = 60.0000, cf = CFrame.new(-25921.796875, -440.718781, 38103.816406, 0.827044, 0.000000, -0.562137, -0.000000, 1.000000, -0.000000, 0.562137, 0.000000, 0.827044) },
    { t = 2.2316, fov = 60.0000, cf = CFrame.new(-25921.789062, -440.718781, 38103.820312, 0.827044, 0.000000, -0.562137, -0.000000, 1.000000, -0.000000, 0.562137, 0.000000, 0.827044) },
    { t = 2.2473, fov = 60.0000, cf = CFrame.new(-25921.777344, -440.718781, 38103.828125, 0.827044, 0.000000, -0.562137, -0.000000, 1.000000, -0.000000, 0.562137, 0.000000, 0.827044) },
    { t = 2.2649, fov = 60.0000, cf = CFrame.new(-25921.769531, -440.718781, 38103.835938, 0.827044, 0.000000, -0.562137, -0.000000, 1.000000, -0.000000, 0.562137, 0.000000, 0.827044) },
    { t = 2.2813, fov = 60.0000, cf = CFrame.new(-25921.757812, -440.718781, 38103.839844, 0.827044, 0.000000, -0.562137, -0.000000, 1.000000, -0.000000, 0.562137, 0.000000, 0.827044) },
    { t = 2.2981, fov = 60.0000, cf = CFrame.new(-25921.748047, -440.718781, 38103.847656, 0.827044, 0.000000, -0.562137, -0.000000, 1.000000, -0.000000, 0.562137, 0.000000, 0.827044) },
    { t = 2.3150, fov = 60.0000, cf = CFrame.new(-25921.738281, -440.718781, 38103.855469, 0.827044, 0.000000, -0.562137, -0.000000, 1.000000, -0.000000, 0.562137, 0.000000, 0.827044) },
    { t = 2.3315, fov = 60.0000, cf = CFrame.new(-25921.728516, -440.718781, 38103.863281, 0.827044, 0.000000, -0.562137, -0.000000, 1.000000, -0.000000, 0.562137, 0.000000, 0.827044) },
    { t = 2.3483, fov = 60.0000, cf = CFrame.new(-25921.718750, -440.718781, 38103.871094, 0.827044, 0.000000, -0.562137, -0.000000, 1.000000, -0.000000, 0.562137, 0.000000, 0.827044) },
    { t = 2.3649, fov = 60.0000, cf = CFrame.new(-25921.705078, -440.718781, 38103.878906, 0.827044, 0.000000, -0.562137, -0.000000, 1.000000, -0.000000, 0.562137, 0.000000, 0.827044) },
    { t = 2.3815, fov = 60.0000, cf = CFrame.new(-25921.697266, -440.718781, 38103.882812, 0.827044, 0.000000, -0.562137, -0.000000, 1.000000, -0.000000, 0.562137, 0.000000, 0.827044) },
    { t = 2.3975, fov = 60.0000, cf = CFrame.new(-25921.687500, -440.718781, 38103.890625, 0.827044, 0.000000, -0.562137, -0.000000, 1.000000, -0.000000, 0.562137, 0.000000, 0.827044) },
    { t = 2.4141, fov = 60.0000, cf = CFrame.new(-25921.677734, -440.718781, 38103.898438, 0.827044, 0.000000, -0.562137, -0.000000, 1.000000, -0.000000, 0.562137, 0.000000, 0.827044) },
    { t = 2.4305, fov = 60.0000, cf = CFrame.new(-25921.666016, -440.718781, 38103.902344, 0.827044, 0.000000, -0.562137, -0.000000, 1.000000, -0.000000, 0.562137, 0.000000, 0.827044) },
    { t = 2.4473, fov = 60.0000, cf = CFrame.new(-25921.656250, -440.718781, 38103.910156, 0.827044, 0.000000, -0.562137, -0.000000, 1.000000, -0.000000, 0.562137, 0.000000, 0.827044) },
    { t = 2.4641, fov = 60.0000, cf = CFrame.new(-25921.646484, -440.718781, 38103.917969, 0.827044, 0.000000, -0.562137, -0.000000, 1.000000, -0.000000, 0.562137, 0.000000, 0.827044) },
    { t = 2.4808, fov = 60.0000, cf = CFrame.new(-25921.636719, -440.718781, 38103.925781, 0.827044, 0.000000, -0.562137, -0.000000, 1.000000, -0.000000, 0.562137, 0.000000, 0.827044) },
    { t = 2.4976, fov = 60.0000, cf = CFrame.new(-25921.626953, -440.718781, 38103.933594, 0.827044, 0.000000, -0.562137, -0.000000, 1.000000, -0.000000, 0.562137, 0.000000, 0.827044) },
    { t = 2.5144, fov = 60.0000, cf = CFrame.new(-25921.615234, -440.718781, 38103.937500, 0.827044, 0.000000, -0.562137, -0.000000, 1.000000, -0.000000, 0.562137, 0.000000, 0.827044) },
    { t = 2.5311, fov = 60.0000, cf = CFrame.new(-25921.605469, -440.718781, 38103.945312, 0.827044, 0.000000, -0.562137, -0.000000, 1.000000, -0.000000, 0.562137, 0.000000, 0.827044) },
    { t = 2.5480, fov = 60.0000, cf = CFrame.new(-25921.599609, -440.718781, 38103.949219, 0.827044, 0.000000, -0.562137, -0.000000, 1.000000, -0.000000, 0.562137, 0.000000, 0.827044) },
    { t = 2.5647, fov = 60.0000, cf = CFrame.new(-25921.597656, -440.718781, 38103.953125, 0.827044, 0.000000, -0.562137, -0.000000, 1.000000, -0.000000, 0.562137, 0.000000, 0.827044) },
    { t = 2.5807, fov = 60.0000, cf = CFrame.new(-25921.591797, -440.718781, 38103.953125, 0.827044, 0.000000, -0.562137, -0.000000, 1.000000, -0.000000, 0.562137, 0.000000, 0.827044) },
    { t = 2.5976, fov = 60.0000, cf = CFrame.new(-25921.587891, -440.718781, 38103.957031, 0.827044, 0.000000, -0.562137, -0.000000, 1.000000, -0.000000, 0.562137, 0.000000, 0.827044) },
    { t = 2.6142, fov = 60.0000, cf = CFrame.new(-25921.583984, -440.718781, 38103.960938, 0.827044, 0.000000, -0.562137, -0.000000, 1.000000, -0.000000, 0.562137, 0.000000, 0.827044) },
    { t = 2.6314, fov = 60.0000, cf = CFrame.new(-25921.580078, -440.718781, 38103.964844, 0.827044, 0.000000, -0.562137, -0.000000, 1.000000, -0.000000, 0.562137, 0.000000, 0.827044) },
    { t = 2.6473, fov = 60.0000, cf = CFrame.new(-25921.574219, -440.718781, 38103.964844, 0.827044, 0.000000, -0.562137, -0.000000, 1.000000, -0.000000, 0.562137, 0.000000, 0.827044) },
    { t = 2.6640, fov = 60.0000, cf = CFrame.new(-25921.570312, -440.718781, 38103.968750, 0.827044, 0.000000, -0.562137, -0.000000, 1.000000, -0.000000, 0.562137, 0.000000, 0.827044) },
    { t = 2.6814, fov = 60.0000, cf = CFrame.new(-25921.568359, -440.718781, 38103.976562, 0.827044, 0.000000, -0.562137, -0.000000, 1.000000, -0.000000, 0.562137, 0.000000, 0.827044) },
    { t = 2.6976, fov = 60.0000, cf = CFrame.new(-25921.564453, -440.718781, 38103.980469, 0.827044, 0.000000, -0.562137, -0.000000, 1.000000, -0.000000, 0.562137, 0.000000, 0.827044) },
    { t = 2.7149, fov = 60.0000, cf = CFrame.new(-25921.558594, -440.718781, 38103.980469, 0.827044, 0.000000, -0.562137, -0.000000, 1.000000, -0.000000, 0.562137, 0.000000, 0.827044) },
    { t = 2.7310, fov = 60.0000, cf = CFrame.new(-25921.554688, -440.718781, 38103.984375, 0.827044, 0.000000, -0.562137, -0.000000, 1.000000, -0.000000, 0.562137, 0.000000, 0.827044) },
    { t = 2.7473, fov = 60.0000, cf = CFrame.new(-25921.550781, -440.718781, 38103.988281, 0.827044, 0.000000, -0.562137, -0.000000, 1.000000, -0.000000, 0.562137, 0.000000, 0.827044) },
    { t = 2.7648, fov = 60.0000, cf = CFrame.new(-25921.546875, -440.718781, 38103.992188, 0.827044, 0.000000, -0.562137, -0.000000, 1.000000, -0.000000, 0.562137, 0.000000, 0.827044) },
    { t = 2.7805, fov = 60.0000, cf = CFrame.new(-25921.541016, -440.718781, 38103.996094, 0.827044, 0.000000, -0.562137, -0.000000, 1.000000, -0.000000, 0.562137, 0.000000, 0.827044) },
    { t = 2.7972, fov = 60.0000, cf = CFrame.new(-25921.537109, -440.718781, 38103.996094, 0.827044, 0.000000, -0.562137, -0.000000, 1.000000, -0.000000, 0.562137, 0.000000, 0.827044) },
    { t = 2.8138, fov = 60.0000, cf = CFrame.new(-25921.533203, -440.718781, 38104.000000, 0.827044, 0.000000, -0.562137, -0.000000, 1.000000, -0.000000, 0.562137, 0.000000, 0.827044) },
    { t = 2.8304, fov = 60.0000, cf = CFrame.new(-25921.527344, -440.718781, 38104.003906, 0.827044, 0.000000, -0.562137, -0.000000, 1.000000, -0.000000, 0.562137, 0.000000, 0.827044) },
    { t = 2.8472, fov = 60.0000, cf = CFrame.new(-25921.523438, -440.718781, 38104.007812, 0.827044, 0.000000, -0.562137, -0.000000, 1.000000, -0.000000, 0.562137, 0.000000, 0.827044) },
    { t = 2.8641, fov = 60.0000, cf = CFrame.new(-25921.519531, -440.718781, 38104.007812, 0.827044, 0.000000, -0.562137, -0.000000, 1.000000, -0.000000, 0.562137, 0.000000, 0.827044) },
    { t = 2.8806, fov = 60.0000, cf = CFrame.new(-25921.515625, -440.718781, 38104.011719, 0.827044, 0.000000, -0.562137, -0.000000, 1.000000, -0.000000, 0.562137, 0.000000, 0.827044) },
    { t = 2.8975, fov = 60.0000, cf = CFrame.new(-25921.509766, -440.718781, 38104.015625, 0.827044, 0.000000, -0.562137, -0.000000, 1.000000, -0.000000, 0.562137, 0.000000, 0.827044) },
    { t = 2.9143, fov = 60.0000, cf = CFrame.new(-25921.505859, -440.718781, 38104.019531, 0.827044, 0.000000, -0.562137, -0.000000, 1.000000, -0.000000, 0.562137, 0.000000, 0.827044) },
    { t = 2.9309, fov = 60.0000, cf = CFrame.new(-25921.501953, -440.718781, 38104.019531, 0.827044, 0.000000, -0.562137, -0.000000, 1.000000, -0.000000, 0.562137, 0.000000, 0.827044) },
    { t = 2.9477, fov = 60.0000, cf = CFrame.new(-25921.498047, -440.718781, 38104.023438, 0.827044, 0.000000, -0.562137, -0.000000, 1.000000, -0.000000, 0.562137, 0.000000, 0.827044) },
    { t = 2.9645, fov = 60.0000, cf = CFrame.new(-25921.494141, -440.718781, 38104.031250, 0.827044, 0.000000, -0.562137, -0.000000, 1.000000, -0.000000, 0.562137, 0.000000, 0.827044) },
    { t = 2.9807, fov = 60.0000, cf = CFrame.new(-25921.490234, -440.718781, 38104.035156, 0.827044, 0.000000, -0.562137, -0.000000, 1.000000, -0.000000, 0.562137, 0.000000, 0.827044) },
    { t = 2.9977, fov = 60.0000, cf = CFrame.new(-25921.486328, -440.718781, 38104.039062, 0.827044, 0.000000, -0.562137, -0.000000, 1.000000, -0.000000, 0.562137, 0.000000, 0.827044) },
    { t = 3.0139, fov = 60.0000, cf = CFrame.new(-25921.482422, -440.718781, 38104.039062, 0.827044, 0.000000, -0.562137, -0.000000, 1.000000, -0.000000, 0.562137, 0.000000, 0.827044) },
    { t = 3.0314, fov = 60.0000, cf = CFrame.new(-25921.476562, -440.718781, 38104.042969, 0.827044, 0.000000, -0.562137, -0.000000, 1.000000, -0.000000, 0.562137, 0.000000, 0.827044) },
    { t = 3.0481, fov = 60.0000, cf = CFrame.new(-25921.472656, -440.718781, 38104.046875, 0.827044, 0.000000, -0.562137, -0.000000, 1.000000, -0.000000, 0.562137, 0.000000, 0.827044) },
    { t = 3.0639, fov = 60.0000, cf = CFrame.new(-25921.468750, -440.718781, 38104.050781, 0.827044, 0.000000, -0.562137, -0.000000, 1.000000, -0.000000, 0.562137, 0.000000, 0.827044) },
    { t = 3.0813, fov = 60.0000, cf = CFrame.new(-25921.464844, -440.718781, 38104.050781, 0.827044, 0.000000, -0.562137, -0.000000, 1.000000, -0.000000, 0.562137, 0.000000, 0.827044) },
    { t = 3.0975, fov = 60.0000, cf = CFrame.new(-25921.458984, -440.718781, 38104.054688, 0.827044, 0.000000, -0.562137, -0.000000, 1.000000, -0.000000, 0.562137, 0.000000, 0.827044) },
    { t = 3.1149, fov = 60.0000, cf = CFrame.new(-25921.455078, -440.718781, 38104.058594, 0.827044, 0.000000, -0.562137, -0.000000, 1.000000, -0.000000, 0.562137, 0.000000, 0.827044) },
    { t = 3.1314, fov = 60.0000, cf = CFrame.new(-25921.451172, -440.718781, 38104.062500, 0.827044, 0.000000, -0.562137, -0.000000, 1.000000, -0.000000, 0.562137, 0.000000, 0.827044) },
    { t = 3.1480, fov = 60.0000, cf = CFrame.new(-25921.447266, -440.718781, 38104.062500, 0.827044, 0.000000, -0.562137, -0.000000, 1.000000, -0.000000, 0.562137, 0.000000, 0.827044) },
    { t = 3.1651, fov = 60.0000, cf = CFrame.new(-25921.441406, -440.718781, 38104.066406, 0.827044, 0.000000, -0.562137, -0.000000, 1.000000, -0.000000, 0.562137, 0.000000, 0.827044) },
    { t = 3.1813, fov = 60.0000, cf = CFrame.new(-25921.437500, -440.718781, 38104.070312, 0.827044, 0.000000, -0.562137, -0.000000, 1.000000, -0.000000, 0.562137, 0.000000, 0.827044) },
    { t = 3.1970, fov = 60.0000, cf = CFrame.new(-25921.433594, -440.718781, 38104.074219, 0.827044, 0.000000, -0.562137, -0.000000, 1.000000, -0.000000, 0.562137, 0.000000, 0.827044) },
    { t = 3.2137, fov = 60.0000, cf = CFrame.new(-25921.429688, -440.718781, 38104.074219, 0.827044, 0.000000, -0.562137, -0.000000, 1.000000, -0.000000, 0.562137, 0.000000, 0.827044) },
    { t = 3.2307, fov = 60.0000, cf = CFrame.new(-25921.423828, -440.718781, 38104.078125, 0.827044, 0.000000, -0.562137, -0.000000, 1.000000, -0.000000, 0.562137, 0.000000, 0.827044) },
    { t = 3.2471, fov = 60.0000, cf = CFrame.new(-25921.419922, -440.718781, 38104.082031, 0.827044, 0.000000, -0.562137, -0.000000, 1.000000, -0.000000, 0.562137, 0.000000, 0.827044) },
    { t = 3.2640, fov = 60.0000, cf = CFrame.new(-25921.417969, -440.718781, 38104.089844, 0.827044, 0.000000, -0.562137, -0.000000, 1.000000, -0.000000, 0.562137, 0.000000, 0.827044) },
    { t = 3.2805, fov = 60.0000, cf = CFrame.new(-25921.414062, -440.718781, 38104.093750, 0.827044, 0.000000, -0.562137, -0.000000, 1.000000, -0.000000, 0.562137, 0.000000, 0.827044) },
    { t = 3.2974, fov = 60.0000, cf = CFrame.new(-25921.408203, -440.718781, 38104.093750, 0.827044, 0.000000, -0.562137, -0.000000, 1.000000, -0.000000, 0.562137, 0.000000, 0.827044) },
    { t = 3.3143, fov = 60.0000, cf = CFrame.new(-25921.404297, -440.718781, 38104.097656, 0.827044, 0.000000, -0.562137, -0.000000, 1.000000, -0.000000, 0.562137, 0.000000, 0.827044) },
    { t = 3.3311, fov = 60.0000, cf = CFrame.new(-25921.400391, -440.718781, 38104.101562, 0.827044, 0.000000, -0.562137, -0.000000, 1.000000, -0.000000, 0.562137, 0.000000, 0.827044) },
    { t = 3.3479, fov = 60.0000, cf = CFrame.new(-25921.396484, -440.718781, 38104.105469, 0.827044, 0.000000, -0.562137, -0.000000, 1.000000, -0.000000, 0.562137, 0.000000, 0.827044) },
    { t = 3.3647, fov = 60.0000, cf = CFrame.new(-25921.390625, -440.718781, 38104.105469, 0.827044, 0.000000, -0.562137, -0.000000, 1.000000, -0.000000, 0.562137, 0.000000, 0.827044) },
    { t = 3.3813, fov = 60.0000, cf = CFrame.new(-25921.386719, -440.718781, 38104.109375, 0.827044, 0.000000, -0.562137, -0.000000, 1.000000, -0.000000, 0.562137, 0.000000, 0.827044) },
    { t = 3.3975, fov = 60.0000, cf = CFrame.new(-25921.382812, -440.718781, 38104.113281, 0.827044, 0.000000, -0.562137, -0.000000, 1.000000, -0.000000, 0.562137, 0.000000, 0.827044) },
    { t = 3.4152, fov = 60.0000, cf = CFrame.new(-25921.378906, -440.718781, 38104.117188, 0.827044, 0.000000, -0.562137, -0.000000, 1.000000, -0.000000, 0.562137, 0.000000, 0.827044) },
    { t = 3.4315, fov = 60.0000, cf = CFrame.new(-25921.373047, -440.718781, 38104.117188, 0.827044, 0.000000, -0.562137, -0.000000, 1.000000, -0.000000, 0.562137, 0.000000, 0.827044) },
    { t = 3.4480, fov = 60.0000, cf = CFrame.new(-25921.369141, -440.718781, 38104.121094, 0.827044, 0.000000, -0.562137, -0.000000, 1.000000, -0.000000, 0.562137, 0.000000, 0.827044) },
    { t = 3.4649, fov = 60.0000, cf = CFrame.new(-25921.365234, -440.718781, 38104.125000, 0.827044, 0.000000, -0.562137, -0.000000, 1.000000, -0.000000, 0.562137, 0.000000, 0.827044) },
    { t = 3.4814, fov = 60.0000, cf = CFrame.new(-25921.361328, -440.718781, 38104.128906, 0.827044, 0.000000, -0.562137, -0.000000, 1.000000, -0.000000, 0.562137, 0.000000, 0.827044) },
    { t = 3.4974, fov = 60.0000, cf = CFrame.new(-25921.355469, -440.718781, 38104.128906, 0.827044, 0.000000, -0.562137, -0.000000, 1.000000, -0.000000, 0.562137, 0.000000, 0.827044) },
    { t = 3.5149, fov = 60.0000, cf = CFrame.new(-25921.351562, -440.718781, 38104.132812, 0.827044, 0.000000, -0.562137, -0.000000, 1.000000, -0.000000, 0.562137, 0.000000, 0.827044) },
    { t = 3.5313, fov = 60.0000, cf = CFrame.new(-25921.347656, -440.718781, 38104.136719, 0.827044, 0.000000, -0.562137, -0.000000, 1.000000, -0.000000, 0.562137, 0.000000, 0.827044) },
