-- UFW Camera Cutscene — generated by UFW_CamRecorder
-- Each CFrame is relative to the player's HumanoidRootPart.
--
-- Playback:
--   for _, e in ipairs(frames) do
--       task.wait(e.t - prevT)
--       camera.CFrame = HRP.CFrame:ToWorldSpace(e.cf)
--   end

local frames = {
    { t = 0.0141, cf = CFrame.new(0.812393, 8.855164, 11.248016, 0.996195, 0.049352, -0.071836, 0.000000, 0.824231, 0.566254, 0.087155, -0.564099, 0.821095) },
    { t = 0.0303, cf = CFrame.new(22732.644531, -439.550446, -8875.948242, -0.914656, 0.008229, -0.404149, -0.018414, 0.997907, 0.061992, 0.403813, 0.064144, -0.912590) },
    { t = 0.0467, cf = CFrame.new(22732.644531, -439.673492, -8876.025391, -0.914992, 0.020079, -0.402971, 0.002004, 0.998975, 0.045224, 0.403466, 0.040572, -0.914095) },
    { t = 0.0697, cf = CFrame.new(22732.648438, -440.048035, -8876.267578, -0.918326, 0.009054, -0.395722, 0.014148, 0.999850, -0.009956, 0.395573, -0.014742, -0.918316) },
    { t = 0.0811, cf = CFrame.new(22732.589844, -439.903992, -8876.463867, -0.921347, 0.047592, -0.385816, 0.013935, 0.995883, 0.089570, 0.388490, 0.077149, -0.918217) },
    { t = 0.0965, cf = CFrame.new(22732.359375, -439.968781, -8877.066406, -0.930029, 0.084356, -0.357673, 0.014945, 0.981174, 0.192546, 0.367182, 0.173728, -0.913781) },
    { t = 0.1135, cf = CFrame.new(22732.359375, -439.968781, -8877.066406, -0.930029, 0.084356, -0.357673, 0.014945, 0.981174, 0.192546, 0.367182, 0.173728, -0.913781) },
    { t = 0.1334, cf = CFrame.new(22732.359375, -439.968781, -8877.066406, -0.930029, 0.084356, -0.357673, 0.014945, 0.981174, 0.192546, 0.367182, 0.173728, -0.913781) },
    { t = 0.1463, cf = CFrame.new(22732.359375, -439.968781, -8877.066406, -0.930029, 0.084356, -0.357673, 0.014945, 0.981174, 0.192546, 0.367182, 0.173728, -0.913781) },
    { t = 0.1637, cf = CFrame.new(22732.359375, -439.968781, -8877.066406, -0.930029, 0.084356, -0.357673, 0.014945, 0.981174, 0.192546, 0.367182, 0.173728, -0.913781) },
    { t = 0.1796, cf = CFrame.new(22732.359375, -439.968781, -8877.066406, -0.930029, 0.084356, -0.357673, 0.014945, 0.981174, 0.192546, 0.367182, 0.173728, -0.913781) },
    { t = 0.1961, cf = CFrame.new(22732.359375, -439.968781, -8877.066406, -0.930029, 0.084356, -0.357673, 0.014945, 0.981174, 0.192546, 0.367182, 0.173728, -0.913781) },
    { t = 0.2130, cf = CFrame.new(22732.359375, -439.968781, -8877.066406, -0.930029, 0.084356, -0.357673, 0.014945, 0.981174, 0.192546, 0.367182, 0.173728, -0.913781) },
    { t = 0.2296, cf = CFrame.new(22732.402344, -440.025299, -8876.957031, -0.928059, 0.067701, -0.366229, 0.014530, 0.989173, 0.146036, 0.372150, 0.130209, -0.918994) },
    { t = 0.2463, cf = CFrame.new(22732.529297, -440.195343, -8876.627930, -0.926272, 0.015348, -0.376542, 0.014835, 0.999881, 0.004263, 0.376563, -0.001637, -0.926390) },
    { t = 0.2635, cf = CFrame.new(22732.529297, -440.195343, -8876.627930, -0.926272, 0.015347, -0.376542, 0.014835, 0.999881, 0.004260, 0.376563, -0.001640, -0.926390) },
    { t = 0.2798, cf = CFrame.new(22732.529297, -440.195343, -8876.627930, -0.926272, 0.015347, -0.376542, 0.014835, 0.999881, 0.004260, 0.376563, -0.001640, -0.926390) },
    { t = 0.2961, cf = CFrame.new(22732.529297, -440.195343, -8876.627930, -0.926272, 0.015347, -0.376542, 0.014835, 0.999881, 0.004260, 0.376563, -0.001640, -0.926390) },
    { t = 0.3130, cf = CFrame.new(22732.539062, -440.209564, -8876.630859, -0.925459, -0.011589, -0.378670, 0.014878, 0.997649, -0.066892, 0.378555, -0.067540, -0.923111) },
    { t = 0.3294, cf = CFrame.new(22732.542969, -440.214325, -8876.631836, -0.925520, -0.020560, -0.378140, 0.014886, 0.995778, -0.090576, 0.378406, -0.089459, -0.921307) },
    { t = 0.3470, cf = CFrame.new(22732.587891, -440.259613, -8876.646484, -0.925520, -0.020560, -0.378140, 0.014886, 0.995778, -0.090576, 0.378406, -0.089459, -0.921307) },
    { t = 0.3632, cf = CFrame.new(22732.603516, -440.274719, -8876.651367, -0.925520, -0.020560, -0.378140, 0.014886, 0.995778, -0.090576, 0.378406, -0.089459, -0.921307) },
    { t = 0.3799, cf = CFrame.new(22732.603516, -440.274719, -8876.651367, -0.925520, -0.020560, -0.378140, 0.014886, 0.995778, -0.090576, 0.378406, -0.089459, -0.921307) },
    { t = 0.3969, cf = CFrame.new(22732.541016, -440.237244, -8876.628906, -0.925520, -0.020560, -0.378140, 0.014886, 0.995778, -0.090576, 0.378406, -0.089459, -0.921307) },
    { t = 0.4136, cf = CFrame.new(22732.521484, -440.224762, -8876.622070, -0.925520, -0.020560, -0.378140, 0.014886, 0.995778, -0.090576, 0.378406, -0.089459, -0.921307) },
    { t = 0.4303, cf = CFrame.new(22732.580078, -440.197144, -8876.648438, -0.925520, -0.020560, -0.378140, 0.014886, 0.995778, -0.090576, 0.378406, -0.089459, -0.921307) },
    { t = 0.4471, cf = CFrame.new(22732.599609, -440.187958, -8876.658203, -0.925520, -0.020560, -0.378140, 0.014886, 0.995778, -0.090576, 0.378406, -0.089459, -0.921307) },
    { t = 0.4636, cf = CFrame.new(22732.599609, -440.187958, -8876.658203, -0.925520, -0.020560, -0.378140, 0.014886, 0.995778, -0.090576, 0.378406, -0.089459, -0.921307) },
    { t = 0.4801, cf = CFrame.new(22732.564453, -440.222870, -8876.639648, -0.925520, -0.020560, -0.378140, 0.014886, 0.995778, -0.090576, 0.378406, -0.089459, -0.921307) },
    { t = 0.4966, cf = CFrame.new(22732.552734, -440.234497, -8876.633789, -0.925520, -0.020560, -0.378140, 0.014886, 0.995778, -0.090576, 0.378406, -0.089459, -0.921307) },
    { t = 0.5127, cf = CFrame.new(22732.537109, -440.213776, -8876.629883, -0.925520, -0.020560, -0.378140, 0.014886, 0.995778, -0.090576, 0.378406, -0.089459, -0.921307) },
    { t = 0.5302, cf = CFrame.new(22732.529297, -440.206848, -8876.627930, -0.925520, -0.020560, -0.378140, 0.014886, 0.995778, -0.090576, 0.378406, -0.089459, -0.921307) },
    { t = 0.5462, cf = CFrame.new(22732.529297, -440.206848, -8876.627930, -0.925520, -0.020560, -0.378140, 0.014886, 0.995778, -0.090576, 0.378406, -0.089459, -0.921307) },
    { t = 0.5635, cf = CFrame.new(22732.556641, -440.214203, -8876.637695, -0.925520, -0.020560, -0.378140, 0.014886, 0.995778, -0.090576, 0.378406, -0.089459, -0.921307) },
    { t = 0.5792, cf = CFrame.new(22732.564453, -440.216675, -8876.640625, -0.925520, -0.020560, -0.378140, 0.014886, 0.995778, -0.090576, 0.378406, -0.089459, -0.921307) },
    { t = 0.5958, cf = CFrame.new(22732.556641, -440.217316, -8876.637695, -0.925520, -0.020560, -0.378140, 0.014886, 0.995778, -0.090576, 0.378406, -0.089459, -0.921307) },
    { t = 0.6126, cf = CFrame.new(22732.556641, -440.217529, -8876.636719, -0.925520, -0.020560, -0.378140, 0.014886, 0.995778, -0.090576, 0.378406, -0.089459, -0.921307) },
    { t = 0.6291, cf = CFrame.new(22732.556641, -440.217529, -8876.636719, -0.925520, -0.020560, -0.378140, 0.014886, 0.995778, -0.090576, 0.378406, -0.089459, -0.921307) },
    { t = 0.6459, cf = CFrame.new(22732.558594, -440.217194, -8876.638672, -0.925520, -0.020560, -0.378140, 0.014886, 0.995778, -0.090576, 0.378406, -0.089459, -0.921307) },
    { t = 0.6630, cf = CFrame.new(22732.558594, -440.216919, -8876.637695, -0.925520, -0.020560, -0.378140, 0.014886, 0.995778, -0.090576, 0.378406, -0.089459, -0.921307) },
    { t = 0.6795, cf = CFrame.new(22732.558594, -440.216675, -8876.635742, -0.925520, -0.020560, -0.378140, 0.014886, 0.995778, -0.090576, 0.378406, -0.089459, -0.921307) },
    { t = 0.6963, cf = CFrame.new(22732.558594, -440.216431, -8876.634766, -0.925520, -0.020560, -0.378140, 0.014886, 0.995778, -0.090576, 0.378406, -0.089459, -0.921307) },
    { t = 0.7130, cf = CFrame.new(22732.560547, -440.216217, -8876.632812, -0.925520, -0.020560, -0.378140, 0.014886, 0.995778, -0.090576, 0.378406, -0.089459, -0.921307) },
    { t = 0.7304, cf = CFrame.new(22732.560547, -440.215973, -8876.631836, -0.925520, -0.020560, -0.378140, 0.014886, 0.995778, -0.090576, 0.378406, -0.089459, -0.921307) },
    { t = 0.7462, cf = CFrame.new(22732.560547, -440.215759, -8876.629883, -0.925520, -0.020560, -0.378140, 0.014886, 0.995778, -0.090576, 0.378406, -0.089459, -0.921307) },
    { t = 0.7634, cf = CFrame.new(22732.562500, -440.215515, -8876.628906, -0.925520, -0.020560, -0.378140, 0.014886, 0.995778, -0.090576, 0.378406, -0.089459, -0.921307) },
    { t = 0.7799, cf = CFrame.new(22732.562500, -440.215271, -8876.626953, -0.925520, -0.020560, -0.378140, 0.014886, 0.995778, -0.090576, 0.378406, -0.089459, -0.921307) },
    { t = 0.7967, cf = CFrame.new(22732.562500, -440.215057, -8876.625977, -0.925520, -0.020560, -0.378140, 0.014886, 0.995778, -0.090576, 0.378406, -0.089459, -0.921307) },
    { t = 0.8135, cf = CFrame.new(22732.562500, -440.214813, -8876.624023, -0.925520, -0.020560, -0.378140, 0.014886, 0.995778, -0.090576, 0.378406, -0.089459, -0.921307) },
    { t = 0.8304, cf = CFrame.new(22732.564453, -440.214569, -8876.623047, -0.925520, -0.020560, -0.378140, 0.014886, 0.995778, -0.090576, 0.378406, -0.089459, -0.921307) },
    { t = 0.8468, cf = CFrame.new(22732.564453, -440.214355, -8876.621094, -0.925520, -0.020560, -0.378140, 0.014886, 0.995778, -0.090576, 0.378406, -0.089459, -0.921307) },
    { t = 0.8634, cf = CFrame.new(22732.564453, -440.214111, -8876.620117, -0.925520, -0.020560, -0.378140, 0.014886, 0.995778, -0.090576, 0.378406, -0.089459, -0.921307) },
    { t = 0.8801, cf = CFrame.new(22732.566406, -440.213867, -8876.618164, -0.925520, -0.020560, -0.378140, 0.014886, 0.995778, -0.090576, 0.378406, -0.089459, -0.921307) },
    { t = 0.8968, cf = CFrame.new(22732.566406, -440.213654, -8876.617188, -0.925520, -0.020560, -0.378140, 0.014886, 0.995778, -0.090576, 0.378406, -0.089459, -0.921307) },
    { t = 0.9128, cf = CFrame.new(22732.566406, -440.213409, -8876.615234, -0.925520, -0.020560, -0.378140, 0.014886, 0.995778, -0.090576, 0.378406, -0.089459, -0.921307) },
    { t = 0.9301, cf = CFrame.new(22732.566406, -440.213196, -8876.614258, -0.925520, -0.020560, -0.378140, 0.014886, 0.995778, -0.090576, 0.378406, -0.089459, -0.921307) },
    { t = 0.9468, cf = CFrame.new(22740.781250, -440.591614, -8874.703125, -0.696391, 0.011060, 0.717578, -0.012840, 0.999529, -0.027867, -0.717548, -0.028620, -0.695921) },
    { t = 0.9631, cf = CFrame.new(22743.486328, -440.716431, -8874.024414, -0.366022, -0.000000, 0.930606, -0.000000, 1.000000, 0.000000, -0.930606, -0.000000, -0.366022) },
    { t = 0.9801, cf = CFrame.new(22743.482422, -440.716431, -8874.036133, -0.366022, -0.000000, 0.930606, -0.000000, 1.000000, 0.000000, -0.930606, -0.000000, -0.366022) },
    { t = 0.9964, cf = CFrame.new(22743.476562, -440.716431, -8874.046875, -0.366022, -0.000000, 0.930606, -0.000000, 1.000000, 0.000000, -0.930606, -0.000000, -0.366022) },
    { t = 1.0125, cf = CFrame.new(22743.472656, -440.716431, -8874.058594, -0.366022, -0.000000, 0.930606, -0.000000, 1.000000, 0.000000, -0.930606, -0.000000, -0.366022) },
    { t = 1.0292, cf = CFrame.new(22743.468750, -440.716431, -8874.070312, -0.366022, -0.000000, 0.930606, -0.000000, 1.000000, 0.000000, -0.930606, -0.000000, -0.366022) },
    { t = 1.0459, cf = CFrame.new(22743.462891, -440.716431, -8874.082031, -0.366022, -0.000000, 0.930606, -0.000000, 1.000000, 0.000000, -0.930606, -0.000000, -0.366022) },
    { t = 1.0627, cf = CFrame.new(22743.457031, -440.716431, -8874.095703, -0.366022, -0.000000, 0.930606, -0.000000, 1.000000, 0.000000, -0.930606, -0.000000, -0.366022) },
    { t = 1.0795, cf = CFrame.new(22743.455078, -440.716431, -8874.104492, -0.366022, -0.000000, 0.930606, -0.000000, 1.000000, 0.000000, -0.930606, -0.000000, -0.366022) },
    { t = 1.0964, cf = CFrame.new(22743.449219, -440.716431, -8874.116211, -0.366022, -0.000000, 0.930606, -0.000000, 1.000000, 0.000000, -0.930606, -0.000000, -0.366022) },
    { t = 1.1131, cf = CFrame.new(22743.445312, -440.716431, -8874.127930, -0.366022, -0.000000, 0.930606, -0.000000, 1.000000, 0.000000, -0.930606, -0.000000, -0.366022) },
    { t = 1.1300, cf = CFrame.new(22743.441406, -440.716431, -8874.138672, -0.366022, -0.000000, 0.930606, -0.000000, 1.000000, 0.000000, -0.930606, -0.000000, -0.366022) },
    { t = 1.1465, cf = CFrame.new(22743.435547, -440.716431, -8874.150391, -0.366022, -0.000000, 0.930606, -0.000000, 1.000000, 0.000000, -0.930606, -0.000000, -0.366022) },
    { t = 1.1635, cf = CFrame.new(22743.431641, -440.716431, -8874.162109, -0.366022, -0.000000, 0.930606, -0.000000, 1.000000, 0.000000, -0.930606, -0.000000, -0.366022) },
    { t = 1.1802, cf = CFrame.new(22743.427734, -440.716431, -8874.173828, -0.366022, -0.000000, 0.930606, -0.000000, 1.000000, 0.000000, -0.930606, -0.000000, -0.366022) },
    { t = 1.1966, cf = CFrame.new(22743.423828, -440.716431, -8874.185547, -0.366022, -0.000000, 0.930606, -0.000000, 1.000000, 0.000000, -0.930606, -0.000000, -0.366022) },
    { t = 1.2134, cf = CFrame.new(22743.417969, -440.716431, -8874.196289, -0.366022, -0.000000, 0.930606, -0.000000, 1.000000, 0.000000, -0.930606, -0.000000, -0.366022) },
    { t = 1.2300, cf = CFrame.new(22743.414062, -440.716431, -8874.208008, -0.366022, -0.000000, 0.930606, -0.000000, 1.000000, 0.000000, -0.930606, -0.000000, -0.366022) },
    { t = 1.2467, cf = CFrame.new(22743.410156, -440.716431, -8874.219727, -0.366022, -0.000000, 0.930606, -0.000000, 1.000000, 0.000000, -0.930606, -0.000000, -0.366022) },
    { t = 1.2635, cf = CFrame.new(22743.404297, -440.716431, -8874.231445, -0.366022, -0.000000, 0.930606, -0.000000, 1.000000, 0.000000, -0.930606, -0.000000, -0.366022) },
    { t = 1.2799, cf = CFrame.new(22743.400391, -440.716431, -8874.242188, -0.366022, -0.000000, 0.930606, -0.000000, 1.000000, 0.000000, -0.930606, -0.000000, -0.366022) },
    { t = 1.2963, cf = CFrame.new(22743.396484, -440.716431, -8874.253906, -0.366022, -0.000000, 0.930606, -0.000000, 1.000000, 0.000000, -0.930606, -0.000000, -0.366022) },
    { t = 1.3134, cf = CFrame.new(22743.390625, -440.716431, -8874.265625, -0.366022, -0.000000, 0.930606, -0.000000, 1.000000, 0.000000, -0.930606, -0.000000, -0.366022) },
    { t = 1.3297, cf = CFrame.new(22743.386719, -440.716431, -8874.277344, -0.366022, -0.000000, 0.930606, -0.000000, 1.000000, 0.000000, -0.930606, -0.000000, -0.366022) },
    { t = 1.3468, cf = CFrame.new(22743.382812, -440.716431, -8874.288086, -0.366022, -0.000000, 0.930606, -0.000000, 1.000000, 0.000000, -0.930606, -0.000000, -0.366022) },
    { t = 1.3634, cf = CFrame.new(22743.376953, -440.716431, -8874.299805, -0.366022, -0.000000, 0.930606, -0.000000, 1.000000, 0.000000, -0.930606, -0.000000, -0.366022) },
    { t = 1.3800, cf = CFrame.new(22743.373047, -440.716431, -8874.311523, -0.366022, -0.000000, 0.930606, -0.000000, 1.000000, 0.000000, -0.930606, -0.000000, -0.366022) },
    { t = 1.3963, cf = CFrame.new(22743.369141, -440.716431, -8874.323242, -0.366022, -0.000000, 0.930606, -0.000000, 1.000000, 0.000000, -0.930606, -0.000000, -0.366022) },
    { t = 1.4126, cf = CFrame.new(22743.363281, -440.716431, -8874.334961, -0.366022, -0.000000, 0.930606, -0.000000, 1.000000, 0.000000, -0.930606, -0.000000, -0.366022) },
    { t = 1.4292, cf = CFrame.new(22743.359375, -440.716431, -8874.345703, -0.366022, -0.000000, 0.930606, -0.000000, 1.000000, 0.000000, -0.930606, -0.000000, -0.366022) },
    { t = 1.4460, cf = CFrame.new(22743.355469, -440.716431, -8874.357422, -0.366022, -0.000000, 0.930606, -0.000000, 1.000000, 0.000000, -0.930606, -0.000000, -0.366022) },
    { t = 1.4626, cf = CFrame.new(22743.351562, -440.716431, -8874.369141, -0.366022, -0.000000, 0.930606, -0.000000, 1.000000, 0.000000, -0.930606, -0.000000, -0.366022) },
    { t = 1.4796, cf = CFrame.new(22743.345703, -440.716431, -8874.380859, -0.366022, -0.000000, 0.930606, -0.000000, 1.000000, 0.000000, -0.930606, -0.000000, -0.366022) },
    { t = 1.4964, cf = CFrame.new(22743.341797, -440.716431, -8874.391602, -0.366022, -0.000000, 0.930606, -0.000000, 1.000000, 0.000000, -0.930606, -0.000000, -0.366022) },
    { t = 1.5133, cf = CFrame.new(22743.337891, -440.716431, -8874.403320, -0.366022, -0.000000, 0.930606, -0.000000, 1.000000, 0.000000, -0.930606, -0.000000, -0.366022) },
    { t = 1.5297, cf = CFrame.new(22743.330078, -440.716431, -8874.414062, -0.366022, -0.000000, 0.930606, -0.000000, 1.000000, 0.000000, -0.930606, -0.000000, -0.366022) },
    { t = 1.5465, cf = CFrame.new(22743.326172, -440.716431, -8874.425781, -0.366022, -0.000000, 0.930606, -0.000000, 1.000000, 0.000000, -0.930606, -0.000000, -0.366022) },
    { t = 1.5633, cf = CFrame.new(22743.322266, -440.716431, -8874.436523, -0.366022, -0.000000, 0.930606, -0.000000, 1.000000, 0.000000, -0.930606, -0.000000, -0.366022) },
    { t = 1.5799, cf = CFrame.new(22743.316406, -440.716431, -8874.448242, -0.366022, -0.000000, 0.930606, -0.000000, 1.000000, 0.000000, -0.930606, -0.000000, -0.366022) },
    { t = 1.5967, cf = CFrame.new(22743.312500, -440.716431, -8874.459961, -0.366022, -0.000000, 0.930606, -0.000000, 1.000000, 0.000000, -0.930606, -0.000000, -0.366022) },
    { t = 1.6134, cf = CFrame.new(22743.308594, -440.716431, -8874.471680, -0.366022, -0.000000, 0.930606, -0.000000, 1.000000, 0.000000, -0.930606, -0.000000, -0.366022) },
    { t = 1.6301, cf = CFrame.new(22743.302734, -440.716431, -8874.482422, -0.366022, -0.000000, 0.930606, -0.000000, 1.000000, 0.000000, -0.930606, -0.000000, -0.366022) },
    { t = 1.6468, cf = CFrame.new(22743.298828, -440.716431, -8874.494141, -0.366022, -0.000000, 0.930606, -0.000000, 1.000000, 0.000000, -0.930606, -0.000000, -0.366022) },
    { t = 1.6636, cf = CFrame.new(22743.294922, -440.716431, -8874.505859, -0.366022, -0.000000, 0.930606, -0.000000, 1.000000, 0.000000, -0.930606, -0.000000, -0.366022) },
    { t = 1.6800, cf = CFrame.new(22743.289062, -440.716431, -8874.517578, -0.366022, -0.000000, 0.930606, -0.000000, 1.000000, 0.000000, -0.930606, -0.000000, -0.366022) },
    { t = 1.6968, cf = CFrame.new(22743.285156, -440.716431, -8874.529297, -0.366022, -0.000000, 0.930606, -0.000000, 1.000000, 0.000000, -0.930606, -0.000000, -0.366022) },
    { t = 1.7132, cf = CFrame.new(22743.279297, -440.716431, -8874.542969, -0.366022, -0.000000, 0.930606, -0.000000, 1.000000, 0.000000, -0.930606, -0.000000, -0.366022) },
    { t = 1.7302, cf = CFrame.new(22743.275391, -440.716431, -8874.551758, -0.366022, -0.000000, 0.930606, -0.000000, 1.000000, 0.000000, -0.930606, -0.000000, -0.366022) },
    { t = 1.7459, cf = CFrame.new(22743.271484, -440.716431, -8874.563477, -0.366022, -0.000000, 0.930606, -0.000000, 1.000000, 0.000000, -0.930606, -0.000000, -0.366022) },
    { t = 1.7636, cf = CFrame.new(22743.267578, -440.716431, -8874.575195, -0.366022, -0.000000, 0.930606, -0.000000, 1.000000, 0.000000, -0.930606, -0.000000, -0.366022) },
    { t = 1.7802, cf = CFrame.new(22743.263672, -440.716431, -8874.585938, -0.366022, -0.000000, 0.930606, -0.000000, 1.000000, 0.000000, -0.930606, -0.000000, -0.366022) },
    { t = 1.7964, cf = CFrame.new(22743.257812, -440.716431, -8874.597656, -0.366022, -0.000000, 0.930606, -0.000000, 1.000000, 0.000000, -0.930606, -0.000000, -0.366022) },
    { t = 1.8127, cf = CFrame.new(22743.253906, -440.716431, -8874.609375, -0.366022, -0.000000, 0.930606, -0.000000, 1.000000, 0.000000, -0.930606, -0.000000, -0.366022) },
    { t = 1.8293, cf = CFrame.new(22743.250000, -440.716431, -8874.621094, -0.366022, -0.000000, 0.930606, -0.000000, 1.000000, 0.000000, -0.930606, -0.000000, -0.366022) },
    { t = 1.8461, cf = CFrame.new(22743.244141, -440.716431, -8874.631836, -0.366022, -0.000000, 0.930606, -0.000000, 1.000000, 0.000000, -0.930606, -0.000000, -0.366022) },
    { t = 1.8628, cf = CFrame.new(22743.240234, -440.716431, -8874.643555, -0.366022, -0.000000, 0.930606, -0.000000, 1.000000, 0.000000, -0.930606, -0.000000, -0.366022) },
    { t = 1.8795, cf = CFrame.new(22743.236328, -440.716431, -8874.655273, -0.366022, -0.000000, 0.930606, -0.000000, 1.000000, 0.000000, -0.930606, -0.000000, -0.366022) },
    { t = 1.8962, cf = CFrame.new(22743.230469, -440.716431, -8874.666992, -0.366022, -0.000000, 0.930606, -0.000000, 1.000000, 0.000000, -0.930606, -0.000000, -0.366022) },
    { t = 1.9133, cf = CFrame.new(22743.226562, -440.716431, -8874.678711, -0.366022, -0.000000, 0.930606, -0.000000, 1.000000, 0.000000, -0.930606, -0.000000, -0.366022) },
    { t = 1.9297, cf = CFrame.new(22743.222656, -440.716431, -8874.689453, -0.366022, -0.000000, 0.930606, -0.000000, 1.000000, 0.000000, -0.930606, -0.000000, -0.366022) },
    { t = 1.9465, cf = CFrame.new(22743.216797, -440.716431, -8874.701172, -0.366022, -0.000000, 0.930606, -0.000000, 1.000000, 0.000000, -0.930606, -0.000000, -0.366022) },
    { t = 1.9633, cf = CFrame.new(22743.212891, -440.716431, -8874.712891, -0.366022, -0.000000, 0.930606, -0.000000, 1.000000, 0.000000, -0.930606, -0.000000, -0.366022) },
    { t = 1.9799, cf = CFrame.new(22743.208984, -440.716431, -8874.724609, -0.366022, -0.000000, 0.930606, -0.000000, 1.000000, 0.000000, -0.930606, -0.000000, -0.366022) },
    { t = 1.9969, cf = CFrame.new(22743.203125, -440.716431, -8874.735352, -0.366022, -0.000000, 0.930606, -0.000000, 1.000000, 0.000000, -0.930606, -0.000000, -0.366022) },
    { t = 2.0132, cf = CFrame.new(22743.199219, -440.716431, -8874.747070, -0.366022, -0.000000, 0.930606, -0.000000, 1.000000, 0.000000, -0.930606, -0.000000, -0.366022) },
    { t = 2.0301, cf = CFrame.new(22743.195312, -440.716431, -8874.758789, -0.366022, -0.000000, 0.930606, -0.000000, 1.000000, 0.000000, -0.930606, -0.000000, -0.366022) },
    { t = 2.0465, cf = CFrame.new(22743.191406, -440.716431, -8874.770508, -0.366022, -0.000000, 0.930606, -0.000000, 1.000000, 0.000000, -0.930606, -0.000000, -0.366022) },
    { t = 2.0635, cf = CFrame.new(22743.185547, -440.716431, -8874.784180, -0.366022, -0.000000, 0.930606, -0.000000, 1.000000, 0.000000, -0.930606, -0.000000, -0.366022) },
    { t = 2.0792, cf = CFrame.new(22743.181641, -440.716431, -8874.792969, -0.366022, -0.000000, 0.930606, -0.000000, 1.000000, 0.000000, -0.930606, -0.000000, -0.366022) },
    { t = 2.0966, cf = CFrame.new(22743.177734, -440.716431, -8874.804688, -0.366022, -0.000000, 0.930606, -0.000000, 1.000000, 0.000000, -0.930606, -0.000000, -0.366022) },
    { t = 2.1128, cf = CFrame.new(22743.171875, -440.716431, -8874.816406, -0.366022, -0.000000, 0.930606, -0.000000, 1.000000, 0.000000, -0.930606, -0.000000, -0.366022) },
    { t = 2.1301, cf = CFrame.new(22743.167969, -440.716431, -8874.828125, -0.366022, -0.000000, 0.930606, -0.000000, 1.000000, 0.000000, -0.930606, -0.000000, -0.366022) },
    { t = 2.1460, cf = CFrame.new(22743.164062, -440.716431, -8874.838867, -0.366022, -0.000000, 0.930606, -0.000000, 1.000000, 0.000000, -0.930606, -0.000000, -0.366022) },
    { t = 2.1638, cf = CFrame.new(22743.158203, -440.716431, -8874.850586, -0.366022, -0.000000, 0.930606, -0.000000, 1.000000, 0.000000, -0.930606, -0.000000, -0.366022) },
    { t = 2.1803, cf = CFrame.new(22743.154297, -440.716431, -8874.862305, -0.366022, -0.000000, 0.930606, -0.000000, 1.000000, 0.000000, -0.930606, -0.000000, -0.366022) },
    { t = 2.1964, cf = CFrame.new(22743.150391, -440.716431, -8874.874023, -0.366022, -0.000000, 0.930606, -0.000000, 1.000000, 0.000000, -0.930606, -0.000000, -0.366022) },
    { t = 2.2127, cf = CFrame.new(22743.144531, -440.716431, -8874.884766, -0.366022, -0.000000, 0.930606, -0.000000, 1.000000, 0.000000, -0.930606, -0.000000, -0.366022) },
    { t = 2.2294, cf = CFrame.new(22743.140625, -440.716431, -8874.896484, -0.366022, -0.000000, 0.930606, -0.000000, 1.000000, 0.000000, -0.930606, -0.000000, -0.366022) },
    { t = 2.2459, cf = CFrame.new(22743.136719, -440.716431, -8874.908203, -0.366022, -0.000000, 0.930606, -0.000000, 1.000000, 0.000000, -0.930606, -0.000000, -0.366022) },
    { t = 2.2630, cf = CFrame.new(22743.130859, -440.716431, -8874.919922, -0.366022, -0.000000, 0.930606, -0.000000, 1.000000, 0.000000, -0.930606, -0.000000, -0.366022) },
    { t = 2.2792, cf = CFrame.new(22743.126953, -440.716431, -8874.930664, -0.366022, -0.000000, 0.930606, -0.000000, 1.000000, 0.000000, -0.930606, -0.000000, -0.366022) },
    { t = 2.2963, cf = CFrame.new(22743.123047, -440.716431, -8874.942383, -0.366022, -0.000000, 0.930606, -0.000000, 1.000000, 0.000000, -0.930606, -0.000000, -0.366022) },
    { t = 2.3131, cf = CFrame.new(22743.119141, -440.716431, -8874.954102, -0.366022, -0.000000, 0.930606, -0.000000, 1.000000, 0.000000, -0.930606, -0.000000, -0.366022) },
    { t = 2.3297, cf = CFrame.new(22743.113281, -440.716431, -8874.965820, -0.366022, -0.000000, 0.930606, -0.000000, 1.000000, 0.000000, -0.930606, -0.000000, -0.366022) },
    { t = 2.3465, cf = CFrame.new(22743.109375, -440.716431, -8874.977539, -0.366022, -0.000000, 0.930606, -0.000000, 1.000000, 0.000000, -0.930606, -0.000000, -0.366022) },
    { t = 2.3630, cf = CFrame.new(22743.105469, -440.716431, -8874.988281, -0.366022, -0.000000, 0.930606, -0.000000, 1.000000, 0.000000, -0.930606, -0.000000, -0.366022) },
    { t = 2.3796, cf = CFrame.new(22743.099609, -440.716431, -8875.000000, -0.366022, -0.000000, 0.930606, -0.000000, 1.000000, 0.000000, -0.930606, -0.000000, -0.366022) },
    { t = 2.3968, cf = CFrame.new(22743.095703, -440.716431, -8875.011719, -0.366022, -0.000000, 0.930606, -0.000000, 1.000000, 0.000000, -0.930606, -0.000000, -0.366022) },
    { t = 2.4132, cf = CFrame.new(22743.091797, -440.716431, -8875.023438, -0.366022, -0.000000, 0.930606, -0.000000, 1.000000, 0.000000, -0.930606, -0.000000, -0.366022) },
    { t = 2.4302, cf = CFrame.new(22743.085938, -440.716431, -8875.034180, -0.366022, -0.000000, 0.930606, -0.000000, 1.000000, 0.000000, -0.930606, -0.000000, -0.366022) },
    { t = 2.4469, cf = CFrame.new(22743.082031, -440.716431, -8875.045898, -0.366022, -0.000000, 0.930606, -0.000000, 1.000000, 0.000000, -0.930606, -0.000000, -0.366022) },
    { t = 2.4635, cf = CFrame.new(22743.078125, -440.716431, -8875.057617, -0.366022, -0.000000, 0.930606, -0.000000, 1.000000, 0.000000, -0.930606, -0.000000, -0.366022) },
    { t = 2.4793, cf = CFrame.new(22743.072266, -440.716431, -8875.069336, -0.366022, -0.000000, 0.930606, -0.000000, 1.000000, 0.000000, -0.930606, -0.000000, -0.366022) },
    { t = 2.4965, cf = CFrame.new(22743.068359, -440.716431, -8875.080078, -0.366022, -0.000000, 0.930606, -0.000000, 1.000000, 0.000000, -0.930606, -0.000000, -0.366022) },
    { t = 2.5129, cf = CFrame.new(22743.064453, -440.716431, -8875.091797, -0.366022, -0.000000, 0.930606, -0.000000, 1.000000, 0.000000, -0.930606, -0.000000, -0.366022) },
    { t = 2.5302, cf = CFrame.new(22743.058594, -440.716431, -8875.103516, -0.366022, -0.000000, 0.930606, -0.000000, 1.000000, 0.000000, -0.930606, -0.000000, -0.366022) },
    { t = 2.5463, cf = CFrame.new(22743.056641, -440.716431, -8875.111328, -0.366022, -0.000000, 0.930606, -0.000000, 1.000000, 0.000000, -0.930606, -0.000000, -0.366022) },
    { t = 2.5633, cf = CFrame.new(22743.054688, -440.716431, -8875.115234, -0.366022, -0.000000, 0.930606, -0.000000, 1.000000, 0.000000, -0.930606, -0.000000, -0.366022) },
    { t = 2.5794, cf = CFrame.new(22743.052734, -440.716431, -8875.120117, -0.366022, -0.000000, 0.930606, -0.000000, 1.000000, 0.000000, -0.930606, -0.000000, -0.366022) },
    { t = 2.5963, cf = CFrame.new(22743.050781, -440.716431, -8875.125000, -0.366022, -0.000000, 0.930606, -0.000000, 1.000000, 0.000000, -0.930606, -0.000000, -0.366022) },
    { t = 2.6127, cf = CFrame.new(22743.050781, -440.716431, -8875.130859, -0.366022, -0.000000, 0.930606, -0.000000, 1.000000, 0.000000, -0.930606, -0.000000, -0.366022) },
    { t = 2.6293, cf = CFrame.new(22743.048828, -440.716431, -8875.135742, -0.366022, -0.000000, 0.930606, -0.000000, 1.000000, 0.000000, -0.930606, -0.000000, -0.366022) },
    { t = 2.6462, cf = CFrame.new(22743.046875, -440.716431, -8875.140625, -0.366022, -0.000000, 0.930606, -0.000000, 1.000000, 0.000000, -0.930606, -0.000000, -0.366022) },
    { t = 2.6630, cf = CFrame.new(22743.044922, -440.716431, -8875.145508, -0.366022, -0.000000, 0.930606, -0.000000, 1.000000, 0.000000, -0.930606, -0.000000, -0.366022) },
    { t = 2.6792, cf = CFrame.new(22743.042969, -440.716431, -8875.150391, -0.366022, -0.000000, 0.930606, -0.000000, 1.000000, 0.000000, -0.930606, -0.000000, -0.366022) },
    { t = 2.6964, cf = CFrame.new(22743.041016, -440.716431, -8875.155273, -0.366022, -0.000000, 0.930606, -0.000000, 1.000000, 0.000000, -0.930606, -0.000000, -0.366022) },
    { t = 2.7126, cf = CFrame.new(22743.039062, -440.716431, -8875.160156, -0.366022, -0.000000, 0.930606, -0.000000, 1.000000, 0.000000, -0.930606, -0.000000, -0.366022) },
    { t = 2.7297, cf = CFrame.new(22743.037109, -440.716431, -8875.165039, -0.366022, -0.000000, 0.930606, -0.000000, 1.000000, 0.000000, -0.930606, -0.000000, -0.366022) },
    { t = 2.7462, cf = CFrame.new(22743.035156, -440.716431, -8875.170898, -0.366022, -0.000000, 0.930606, -0.000000, 1.000000, 0.000000, -0.930606, -0.000000, -0.366022) },
    { t = 2.7628, cf = CFrame.new(22743.035156, -440.716431, -8875.175781, -0.366022, -0.000000, 0.930606, -0.000000, 1.000000, 0.000000, -0.930606, -0.000000, -0.366022) },
    { t = 2.7792, cf = CFrame.new(22743.033203, -440.716431, -8875.180664, -0.366022, -0.000000, 0.930606, -0.000000, 1.000000, 0.000000, -0.930606, -0.000000, -0.366022) },
    { t = 2.7967, cf = CFrame.new(22743.031250, -440.716431, -8875.185547, -0.366022, -0.000000, 0.930606, -0.000000, 1.000000, 0.000000, -0.930606, -0.000000, -0.366022) },
    { t = 2.8124, cf = CFrame.new(22743.029297, -440.716431, -8875.190430, -0.366022, -0.000000, 0.930606, -0.000000, 1.000000, 0.000000, -0.930606, -0.000000, -0.366022) },
    { t = 2.8295, cf = CFrame.new(22743.027344, -440.716431, -8875.195312, -0.366022, -0.000000, 0.930606, -0.000000, 1.000000, 0.000000, -0.930606, -0.000000, -0.366022) },
    { t = 2.8457, cf = CFrame.new(22743.025391, -440.716431, -8875.200195, -0.366022, -0.000000, 0.930606, -0.000000, 1.000000, 0.000000, -0.930606, -0.000000, -0.366022) },
    { t = 2.8634, cf = CFrame.new(22743.023438, -440.716431, -8875.205078, -0.366022, -0.000000, 0.930606, -0.000000, 1.000000, 0.000000, -0.930606, -0.000000, -0.366022) },
    { t = 2.8796, cf = CFrame.new(22743.021484, -440.716431, -8875.209961, -0.366022, -0.000000, 0.930606, -0.000000, 1.000000, 0.000000, -0.930606, -0.000000, -0.366022) },
    { t = 2.8967, cf = CFrame.new(22743.021484, -440.716431, -8875.215820, -0.366022, -0.000000, 0.930606, -0.000000, 1.000000, 0.000000, -0.930606, -0.000000, -0.366022) },
    { t = 2.9125, cf = CFrame.new(22743.019531, -440.716431, -8875.220703, -0.366022, -0.000000, 0.930606, -0.000000, 1.000000, 0.000000, -0.930606, -0.000000, -0.366022) },
    { t = 2.9297, cf = CFrame.new(22743.017578, -440.716431, -8875.225586, -0.366022, -0.000000, 0.930606, -0.000000, 1.000000, 0.000000, -0.930606, -0.000000, -0.366022) },
    { t = 2.9468, cf = CFrame.new(22743.015625, -440.716431, -8875.230469, -0.366022, -0.000000, 0.930606, -0.000000, 1.000000, 0.000000, -0.930606, -0.000000, -0.366022) },
    { t = 2.9635, cf = CFrame.new(22743.013672, -440.716431, -8875.236328, -0.366022, -0.000000, 0.930606, -0.000000, 1.000000, 0.000000, -0.930606, -0.000000, -0.366022) },
    { t = 2.9800, cf = CFrame.new(22743.011719, -440.716431, -8875.241211, -0.366022, -0.000000, 0.930606, -0.000000, 1.000000, 0.000000, -0.930606, -0.000000, -0.366022) },
    { t = 2.9961, cf = CFrame.new(22743.009766, -440.716431, -8875.246094, -0.366022, -0.000000, 0.930606, -0.000000, 1.000000, 0.000000, -0.930606, -0.000000, -0.366022) },
    { t = 3.0124, cf = CFrame.new(22743.007812, -440.716431, -8875.250977, -0.366022, -0.000000, 0.930606, -0.000000, 1.000000, 0.000000, -0.930606, -0.000000, -0.366022) },
    { t = 3.0290, cf = CFrame.new(22743.005859, -440.716431, -8875.255859, -0.366022, -0.000000, 0.930606, -0.000000, 1.000000, 0.000000, -0.930606, -0.000000, -0.366022) },
    { t = 3.0460, cf = CFrame.new(22743.005859, -440.716431, -8875.261719, -0.366022, -0.000000, 0.930606, -0.000000, 1.000000, 0.000000, -0.930606, -0.000000, -0.366022) },
    { t = 3.0627, cf = CFrame.new(22743.003906, -440.716431, -8875.266602, -0.366022, -0.000000, 0.930606, -0.000000, 1.000000, 0.000000, -0.930606, -0.000000, -0.366022) },
    { t = 3.0790, cf = CFrame.new(22743.001953, -440.716431, -8875.272461, -0.366022, -0.000000, 0.930606, -0.000000, 1.000000, 0.000000, -0.930606, -0.000000, -0.366022) },
    { t = 3.0961, cf = CFrame.new(22743.000000, -440.716431, -8875.276367, -0.366022, -0.000000, 0.930606, -0.000000, 1.000000, 0.000000, -0.930606, -0.000000, -0.366022) },
    { t = 3.1131, cf = CFrame.new(22742.998047, -440.716431, -8875.281250, -0.366022, -0.000000, 0.930606, -0.000000, 1.000000, 0.000000, -0.930606, -0.000000, -0.366022) },
    { t = 3.1290, cf = CFrame.new(22742.996094, -440.716431, -8875.286133, -0.366022, -0.000000, 0.930606, -0.000000, 1.000000, 0.000000, -0.930606, -0.000000, -0.366022) },
    { t = 3.1468, cf = CFrame.new(22742.994141, -440.716431, -8875.291016, -0.366022, -0.000000, 0.930606, -0.000000, 1.000000, 0.000000, -0.930606, -0.000000, -0.366022) },
    { t = 3.1635, cf = CFrame.new(22742.992188, -440.716431, -8875.295898, -0.366022, -0.000000, 0.930606, -0.000000, 1.000000, 0.000000, -0.930606, -0.000000, -0.366022) },
    { t = 3.1798, cf = CFrame.new(22742.990234, -440.716431, -8875.300781, -0.366022, -0.000000, 0.930606, -0.000000, 1.000000, 0.000000, -0.930606, -0.000000, -0.366022) },
    { t = 3.1965, cf = CFrame.new(22742.990234, -440.716431, -8875.306641, -0.366022, -0.000000, 0.930606, -0.000000, 1.000000, 0.000000, -0.930606, -0.000000, -0.366022) },
    { t = 3.2135, cf = CFrame.new(22742.988281, -440.716431, -8875.311523, -0.366022, -0.000000, 0.930606, -0.000000, 1.000000, 0.000000, -0.930606, -0.000000, -0.366022) },
    { t = 3.2298, cf = CFrame.new(22742.986328, -440.716431, -8875.316406, -0.366022, -0.000000, 0.930606, -0.000000, 1.000000, 0.000000, -0.930606, -0.000000, -0.366022) },
    { t = 3.2466, cf = CFrame.new(22742.984375, -440.716431, -8875.321289, -0.366022, -0.000000, 0.930606, -0.000000, 1.000000, 0.000000, -0.930606, -0.000000, -0.366022) },
    { t = 3.2634, cf = CFrame.new(22742.982422, -440.716431, -8875.326172, -0.366022, -0.000000, 0.930606, -0.000000, 1.000000, 0.000000, -0.930606, -0.000000, -0.366022) },
    { t = 3.2795, cf = CFrame.new(22742.980469, -440.716431, -8875.331055, -0.366022, -0.000000, 0.930606, -0.000000, 1.000000, 0.000000, -0.930606, -0.000000, -0.366022) },
    { t = 3.2966, cf = CFrame.new(22742.978516, -440.716431, -8875.335938, -0.366022, -0.000000, 0.930606, -0.000000, 1.000000, 0.000000, -0.930606, -0.000000, -0.366022) },
    { t = 3.3133, cf = CFrame.new(22742.976562, -440.716431, -8875.340820, -0.366022, -0.000000, 0.930606, -0.000000, 1.000000, 0.000000, -0.930606, -0.000000, -0.366022) },
    { t = 3.3300, cf = CFrame.new(22742.974609, -440.716431, -8875.345703, -0.366022, -0.000000, 0.930606, -0.000000, 1.000000, 0.000000, -0.930606, -0.000000, -0.366022) },
    { t = 3.3464, cf = CFrame.new(22742.974609, -440.716431, -8875.351562, -0.366022, -0.000000, 0.930606, -0.000000, 1.000000, 0.000000, -0.930606, -0.000000, -0.366022) },
    { t = 3.3626, cf = CFrame.new(22742.972656, -440.716431, -8875.356445, -0.366022, -0.000000, 0.930606, -0.000000, 1.000000, 0.000000, -0.930606, -0.000000, -0.366022) },
    { t = 3.3792, cf = CFrame.new(22742.970703, -440.716431, -8875.361328, -0.366022, -0.000000, 0.930606, -0.000000, 1.000000, 0.000000, -0.930606, -0.000000, -0.366022) },
    { t = 3.3963, cf = CFrame.new(22742.968750, -440.716431, -8875.366211, -0.366022, -0.000000, 0.930606, -0.000000, 1.000000, 0.000000, -0.930606, -0.000000, -0.366022) },
    { t = 3.4126, cf = CFrame.new(22742.966797, -440.716431, -8875.371094, -0.366022, -0.000000, 0.930606, -0.000000, 1.000000, 0.000000, -0.930606, -0.000000, -0.366022) },
    { t = 3.4291, cf = CFrame.new(22742.964844, -440.716431, -8875.376953, -0.366022, -0.000000, 0.930606, -0.000000, 1.000000, 0.000000, -0.930606, -0.000000, -0.366022) },
    { t = 3.4461, cf = CFrame.new(22742.962891, -440.716431, -8875.381836, -0.366022, -0.000000, 0.930606, -0.000000, 1.000000, 0.000000, -0.930606, -0.000000, -0.366022) },
    { t = 3.4626, cf = CFrame.new(22742.960938, -440.716431, -8875.386719, -0.366022, -0.000000, 0.930606, -0.000000, 1.000000, 0.000000, -0.930606, -0.000000, -0.366022) },
    { t = 3.4794, cf = CFrame.new(22742.960938, -440.716431, -8875.392578, -0.366022, -0.000000, 0.930606, -0.000000, 1.000000, 0.000000, -0.930606, -0.000000, -0.366022) },
    { t = 3.4961, cf = CFrame.new(22742.958984, -440.716431, -8875.397461, -0.366022, -0.000000, 0.930606, -0.000000, 1.000000, 0.000000, -0.930606, -0.000000, -0.366022) },
    { t = 3.5129, cf = CFrame.new(22742.957031, -440.716431, -8875.402344, -0.366022, -0.000000, 0.930606, -0.000000, 1.000000, 0.000000, -0.930606, -0.000000, -0.366022) },
    { t = 3.5297, cf = CFrame.new(22742.955078, -440.716431, -8875.407227, -0.366022, -0.000000, 0.930606, -0.000000, 1.000000, 0.000000, -0.930606, -0.000000, -0.366022) },
    { t = 3.5465, cf = CFrame.new(22742.953125, -440.716431, -8875.412109, -0.366022, -0.000000, 0.930606, -0.000000, 1.000000, 0.000000, -0.930606, -0.000000, -0.366022) },
    { t = 3.5632, cf = CFrame.new(22742.951172, -440.716431, -8875.416992, -0.366022, -0.000000, 0.930606, -0.000000, 1.000000, 0.000000, -0.930606, -0.000000, -0.366022) },
    { t = 3.5798, cf = CFrame.new(22742.949219, -440.716431, -8875.421875, -0.366022, -0.000000, 0.930606, -0.000000, 1.000000, 0.000000, -0.930606, -0.000000, -0.366022) },
    { t = 3.5967, cf = CFrame.new(22742.947266, -440.716431, -8875.426758, -0.366022, -0.000000, 0.930606, -0.000000, 1.000000, 0.000000, -0.930606, -0.000000, -0.366022) },
    { t = 3.6124, cf = CFrame.new(22742.945312, -440.716431, -8875.431641, -0.366022, -0.000000, 0.930606, -0.000000, 1.000000, 0.000000, -0.930606, -0.000000, -0.366022) },
    { t = 3.6298, cf = CFrame.new(22742.945312, -440.716431, -8875.437500, -0.366022, -0.000000, 0.930606, -0.000000, 1.000000, 0.000000, -0.930606, -0.000000, -0.366022) },
    { t = 3.6465, cf = CFrame.new(22742.943359, -440.716431, -8875.443359, -0.366022, -0.000000, 0.930606, -0.000000, 1.000000, 0.000000, -0.930606, -0.000000, -0.366022) },
    { t = 3.6629, cf = CFrame.new(22742.941406, -440.716431, -8875.448242, -0.366022, -0.000000, 0.930606, -0.000000, 1.000000, 0.000000, -0.930606, -0.000000, -0.366022) },
    { t = 3.6791, cf = CFrame.new(22742.939453, -440.716431, -8875.453125, -0.366022, -0.000000, 0.930606, -0.000000, 1.000000, 0.000000, -0.930606, -0.000000, -0.366022) },
    { t = 3.6958, cf = CFrame.new(22742.937500, -440.716431, -8875.458008, -0.366022, -0.000000, 0.930606, -0.000000, 1.000000, 0.000000, -0.930606, -0.000000, -0.366022) },
    { t = 3.7127, cf = CFrame.new(22742.935547, -440.716431, -8875.462891, -0.366022, -0.000000, 0.930606, -0.000000, 1.000000, 0.000000, -0.930606, -0.000000, -0.366022) },
    { t = 3.7302, cf = CFrame.new(22742.933594, -440.716431, -8875.467773, -0.366022, -0.000000, 0.930606, -0.000000, 1.000000, 0.000000, -0.930606, -0.000000, -0.366022) },
    { t = 3.7462, cf = CFrame.new(22742.931641, -440.716431, -8875.472656, -0.366022, -0.000000, 0.930606, -0.000000, 1.000000, 0.000000, -0.930606, -0.000000, -0.366022) },
    { t = 3.7636, cf = CFrame.new(22742.929688, -440.716431, -8875.477539, -0.366022, -0.000000, 0.930606, -0.000000, 1.000000, 0.000000, -0.930606, -0.000000, -0.366022) },
    { t = 3.7801, cf = CFrame.new(22742.929688, -440.716431, -8875.482422, -0.366022, -0.000000, 0.930606, -0.000000, 1.000000, 0.000000, -0.930606, -0.000000, -0.366022) },
    { t = 3.7963, cf = CFrame.new(22742.927734, -440.716431, -8875.487305, -0.366022, -0.000000, 0.930606, -0.000000, 1.000000, 0.000000, -0.930606, -0.000000, -0.366022) },
