-- UFW Camera Cutscene — generated by UFW_CamRecorder
-- CFrames are in WORLD SPACE.
--
-- Playback (relative to an anchor):
--   camera.CFrame = anchorCFrame:ToWorldSpace(entry.cf)
--   camera.FieldOfView = entry.fov
--
-- Playback (raw world-space):
--   camera.CFrame = entry.cf
--   camera.FieldOfView = entry.fov

local frames = {
    { t = 0.0130, fov = 70.0000, cf = CFrame.new(-25.432615, 447.382965, -14.076329, 0.096837, -0.363384, 0.926593, -0.000000, 0.930968, 0.365100, -0.995300, -0.035355, 0.090152) },
    { t = 0.0293, fov = 74.4281, cf = CFrame.new(59899.839844, 1.201444, -3.543481, -0.998915, -0.022021, -0.041036, -0.024485, 0.997864, 0.060560, 0.039615, 0.061499, -0.997321) },
    { t = 0.0462, fov = 72.4536, cf = CFrame.new(59899.867188, 1.080178, -3.610567, -0.999174, 0.003836, -0.040455, 0.002004, 0.998975, 0.045224, 0.040587, 0.045106, -0.998157) },
    { t = 0.0621, fov = 70.5277, cf = CFrame.new(59899.964844, 0.747008, -3.831619, -0.999393, 0.014336, -0.031738, 0.014145, 0.999880, 0.006212, 0.031823, 0.005759, -0.999477) },
    { t = 0.0793, fov = 70.5277, cf = CFrame.new(59899.972656, 0.829772, -3.825895, -0.999425, 0.015332, -0.030260, 0.014162, 0.999158, 0.038521, 0.030825, 0.038070, -0.998800) },
    { t = 0.0959, fov = 65.0000, cf = CFrame.new(59899.980469, 0.806550, -4.469104, -0.999848, 0.015671, -0.007700, 0.014253, 0.987243, 0.158584, 0.010087, 0.158450, -0.987315) },
    { t = 0.1128, fov = 65.0000, cf = CFrame.new(59899.984375, 0.784881, -4.683994, -0.999887, 0.014919, 0.001586, 0.014945, 0.981174, 0.192546, 0.001317, 0.192548, -0.981287) },
    { t = 0.1294, fov = 65.0000, cf = CFrame.new(59899.984375, 0.784881, -4.683994, -0.999887, 0.014919, 0.001586, 0.014945, 0.981174, 0.192546, 0.001317, 0.192548, -0.981287) },
    { t = 0.1461, fov = 65.0000, cf = CFrame.new(59899.984375, 0.784881, -4.683994, -0.999887, 0.014919, 0.001586, 0.014945, 0.981174, 0.192546, 0.001317, 0.192548, -0.981287) },
    { t = 0.1631, fov = 65.0000, cf = CFrame.new(59899.984375, 0.784881, -4.683994, -0.999887, 0.014919, 0.001586, 0.014945, 0.981174, 0.192546, 0.001317, 0.192548, -0.981287) },
    { t = 0.1787, fov = 65.0000, cf = CFrame.new(59899.984375, 0.784881, -4.683994, -0.999887, 0.014919, 0.001586, 0.014945, 0.981174, 0.192546, 0.001317, 0.192548, -0.981287) },
    { t = 0.1962, fov = 65.0000, cf = CFrame.new(59899.984375, 0.784881, -4.683994, -0.999887, 0.014919, 0.001586, 0.014945, 0.981174, 0.192546, 0.001317, 0.192548, -0.981287) },
    { t = 0.2120, fov = 65.0000, cf = CFrame.new(59899.984375, 0.784881, -4.683994, -0.999887, 0.014919, 0.001586, 0.014945, 0.981174, 0.192546, 0.001317, 0.192548, -0.981287) },
    { t = 0.2286, fov = 65.0000, cf = CFrame.new(59899.984375, 0.784881, -4.683994, -0.999887, 0.014919, 0.001586, 0.014945, 0.981174, 0.192546, 0.001317, 0.192548, -0.981287) },
    { t = 0.2458, fov = 67.1692, cf = CFrame.new(59899.980469, 0.558312, -4.213624, -0.999825, 0.014882, -0.011359, 0.014835, 0.999881, 0.004263, 0.011421, 0.004093, -0.999926) },
    { t = 0.2628, fov = 68.0491, cf = CFrame.new(59899.980469, 0.558308, -4.213617, -0.999825, 0.014882, -0.011359, 0.014835, 0.999881, 0.004260, 0.011421, 0.004091, -0.999926) },
    { t = 0.2791, fov = 68.7115, cf = CFrame.new(59899.980469, 0.558308, -4.213617, -0.999825, 0.014882, -0.011359, 0.014835, 0.999881, 0.004260, 0.011421, 0.004091, -0.999926) },
    { t = 0.2957, fov = 69.2592, cf = CFrame.new(59899.980469, 0.558308, -4.213617, -0.999825, 0.014882, -0.011359, 0.014835, 0.999881, 0.004260, 0.011421, 0.004091, -0.999926) },
    { t = 0.3125, fov = 69.7320, cf = CFrame.new(59899.996094, 0.539341, -4.212787, -0.999799, 0.013609, -0.014707, 0.014886, 0.995778, -0.090574, 0.013412, -0.090775, -0.995781) },
    { t = 0.3296, fov = 70.1508, cf = CFrame.new(59899.996094, 0.539341, -4.212787, -0.999799, 0.013609, -0.014707, 0.014886, 0.995778, -0.090576, 0.013412, -0.090776, -0.995781) },
    { t = 0.3459, fov = 70.5277, cf = CFrame.new(59900.058594, 0.478953, -4.208830, -0.999799, 0.013609, -0.014707, 0.014886, 0.995778, -0.090576, 0.013412, -0.090776, -0.995781) },
    { t = 0.3624, fov = 70.8709, cf = CFrame.new(59900.058594, 0.478952, -4.208830, -0.999799, 0.013609, -0.014707, 0.014886, 0.995778, -0.090576, 0.013412, -0.090776, -0.995781) },
    { t = 0.3787, fov = 71.1859, cf = CFrame.new(59900.058594, 0.478952, -4.208830, -0.999799, 0.013609, -0.014707, 0.014886, 0.995778, -0.090576, 0.013412, -0.090776, -0.995781) },
    { t = 0.3954, fov = 71.4769, cf = CFrame.new(59899.968750, 0.528892, -4.211986, -0.999799, 0.013609, -0.014707, 0.014886, 0.995778, -0.090576, 0.013412, -0.090776, -0.995781) },
    { t = 0.4122, fov = 71.7470, cf = CFrame.new(59899.968750, 0.528893, -4.211986, -0.999799, 0.013609, -0.014707, 0.014886, 0.995778, -0.090576, 0.013412, -0.090776, -0.995781) },
    { t = 0.4289, fov = 71.9985, cf = CFrame.new(59900.035156, 0.556506, -4.214973, -0.999799, 0.013609, -0.014707, 0.014886, 0.995778, -0.090576, 0.013412, -0.090776, -0.995781) },
    { t = 0.4457, fov = 72.2336, cf = CFrame.new(59900.054688, 0.565712, -4.215969, -0.999799, 0.013609, -0.014707, 0.014886, 0.995778, -0.090576, 0.013412, -0.090776, -0.995781) },
    { t = 0.4627, fov = 72.4536, cf = CFrame.new(59900.054688, 0.565712, -4.215969, -0.999799, 0.013609, -0.014707, 0.014886, 0.995778, -0.090576, 0.013412, -0.090776, -0.995781) },
    { t = 0.4786, fov = 72.6599, cf = CFrame.new(59900.003906, 0.519156, -4.211519, -0.999799, 0.013609, -0.014707, 0.014886, 0.995778, -0.090576, 0.013412, -0.090776, -0.995781) },
    { t = 0.4955, fov = 72.8535, cf = CFrame.new(59900.003906, 0.519155, -4.211519, -0.999799, 0.013609, -0.014707, 0.014886, 0.995778, -0.090576, 0.013412, -0.090776, -0.995781) },
    { t = 0.5126, fov = 73.0355, cf = CFrame.new(59899.988281, 0.539884, -4.212763, -0.999799, 0.013609, -0.014707, 0.014886, 0.995778, -0.090576, 0.013412, -0.090776, -0.995781) },
    { t = 0.5296, fov = 73.2065, cf = CFrame.new(59899.980469, 0.546795, -4.213177, -0.999799, 0.013609, -0.014707, 0.014886, 0.995778, -0.090576, 0.013412, -0.090776, -0.995781) },
    { t = 0.5462, fov = 73.3673, cf = CFrame.new(59899.980469, 0.546795, -4.213177, -0.999799, 0.013609, -0.014707, 0.014886, 0.995778, -0.090576, 0.013412, -0.090776, -0.995781) },
    { t = 0.5630, fov = 73.5184, cf = CFrame.new(59900.019531, 0.536994, -4.212965, -0.999799, 0.013609, -0.014707, 0.014886, 0.995778, -0.090576, 0.013412, -0.090776, -0.995781) },
    { t = 0.5792, fov = 73.6603, cf = CFrame.new(59900.019531, 0.536994, -4.212965, -0.999799, 0.013609, -0.014707, 0.014886, 0.995778, -0.090576, 0.013412, -0.090776, -0.995781) },
    { t = 0.5963, fov = 73.7934, cf = CFrame.new(59900.011719, 0.536349, -4.212817, -0.999799, 0.013609, -0.014707, 0.014886, 0.995778, -0.090576, 0.013412, -0.090776, -0.995781) },
    { t = 0.6129, fov = 73.9183, cf = CFrame.new(59900.007812, 0.536134, -4.212768, -0.999799, 0.013609, -0.014707, 0.014886, 0.995778, -0.090576, 0.013412, -0.090776, -0.995781) },
    { t = 0.6296, fov = 74.0351, cf = CFrame.new(59900.007812, 0.536134, -4.212768, -0.999799, 0.013609, -0.014707, 0.014886, 0.995778, -0.090576, 0.013412, -0.090776, -0.995781) },
    { t = 0.6464, fov = 74.1442, cf = CFrame.new(59900.011719, 0.536571, -4.212859, -0.999799, 0.013609, -0.014707, 0.014886, 0.995778, -0.090576, 0.013412, -0.090776, -0.995781) },
    { t = 0.6629, fov = 74.2459, cf = CFrame.new(59900.011719, 0.536804, -4.211306, -0.999799, 0.013609, -0.014707, 0.014886, 0.995778, -0.090576, 0.013412, -0.090776, -0.995781) },
    { t = 0.6799, fov = 74.3405, cf = CFrame.new(59900.011719, 0.537037, -4.209753, -0.999799, 0.013609, -0.014707, 0.014886, 0.995778, -0.090576, 0.013412, -0.090776, -0.995781) },
    { t = 0.6964, fov = 74.4281, cf = CFrame.new(59900.011719, 0.537270, -4.208200, -0.999799, 0.013609, -0.014707, 0.014886, 0.995778, -0.090576, 0.013412, -0.090776, -0.995781) },
    { t = 0.7127, fov = 74.5089, cf = CFrame.new(59900.011719, 0.537503, -4.206644, -0.999799, 0.013609, -0.014707, 0.014886, 0.995778, -0.090576, 0.013412, -0.090776, -0.995781) },
    { t = 0.7302, fov = 74.5831, cf = CFrame.new(59900.011719, 0.537736, -4.205091, -0.999799, 0.013609, -0.014707, 0.014886, 0.995778, -0.090576, 0.013412, -0.090776, -0.995781) },
    { t = 0.7470, fov = 74.6509, cf = CFrame.new(59900.011719, 0.537969, -4.203539, -0.999799, 0.013609, -0.014707, 0.014886, 0.995778, -0.090576, 0.013412, -0.090776, -0.995781) },
    { t = 0.7621, fov = 74.7677, cf = CFrame.new(59900.011719, 0.538261, -4.201596, -0.999799, 0.013609, -0.014707, 0.014886, 0.995778, -0.090576, 0.013412, -0.090776, -0.995781) },
    { t = 0.7788, fov = 74.7677, cf = CFrame.new(59900.011719, 0.538436, -4.200430, -0.999799, 0.013609, -0.014707, 0.014886, 0.995778, -0.090576, 0.013412, -0.090776, -0.995781) },
    { t = 0.7955, fov = 74.8169, cf = CFrame.new(59900.011719, 0.538610, -4.199266, -0.999799, 0.013609, -0.014707, 0.014886, 0.995778, -0.090576, 0.013412, -0.090776, -0.995781) },
    { t = 0.8123, fov = 74.8601, cf = CFrame.new(59900.011719, 0.538902, -4.197324, -0.999799, 0.013609, -0.014707, 0.014886, 0.995778, -0.090576, 0.013412, -0.090776, -0.995781) },
    { t = 0.8296, fov = 74.8974, cf = CFrame.new(59900.011719, 0.539077, -4.196157, -0.999799, 0.013609, -0.014707, 0.014886, 0.995778, -0.090576, 0.013412, -0.090776, -0.995781) },
    { t = 0.8463, fov = 74.9289, cf = CFrame.new(59900.011719, 0.539368, -4.194216, -0.999799, 0.013609, -0.014707, 0.014886, 0.995778, -0.090576, 0.013412, -0.090776, -0.995781) },
    { t = 0.8632, fov = 74.9545, cf = CFrame.new(59900.011719, 0.539601, -4.192662, -0.999799, 0.013609, -0.014707, 0.014886, 0.995778, -0.090576, 0.013412, -0.090776, -0.995781) },
    { t = 0.8793, fov = 74.9745, cf = CFrame.new(59900.011719, 0.539834, -4.191110, -0.999799, 0.013609, -0.014707, 0.014886, 0.995778, -0.090576, 0.013412, -0.090776, -0.995781) },
    { t = 0.8959, fov = 74.9887, cf = CFrame.new(59900.011719, 0.540067, -4.189555, -0.999799, 0.013609, -0.014707, 0.014886, 0.995778, -0.090576, 0.013412, -0.090776, -0.995781) },
    { t = 0.9126, fov = 74.9972, cf = CFrame.new(59900.011719, 0.540300, -4.188002, -0.999799, 0.013609, -0.014707, 0.014886, 0.995778, -0.090576, 0.013412, -0.090776, -0.995781) },
    { t = 0.9295, fov = 75.0000, cf = CFrame.new(59900.011719, 0.540533, -4.186449, -0.999799, 0.013609, -0.014707, 0.014886, 0.995778, -0.090576, 0.013412, -0.090776, -0.995781) },
    { t = 0.9464, fov = 60.0000, cf = CFrame.new(59909.222656, 0.037252, 2.228534, -0.000116, 0.000006, 1.000000, -0.000004, 1.000000, -0.000006, -1.000000, -0.000004, -0.000116) },
    { t = 0.9634, fov = 60.0000, cf = CFrame.new(59909.222656, 0.037224, 2.216560, -0.000026, 0.000000, 1.000000, -0.000000, 1.000000, -0.000000, -1.000000, -0.000000, -0.000026) },
    { t = 0.9797, fov = 60.0000, cf = CFrame.new(59909.222656, 0.037224, 2.204211, -0.000026, 0.000000, 1.000000, -0.000000, 1.000000, -0.000000, -1.000000, -0.000000, -0.000026) },
    { t = 0.9961, fov = 60.0000, cf = CFrame.new(59909.222656, 0.037224, 2.191863, -0.000026, 0.000000, 1.000000, -0.000000, 1.000000, -0.000000, -1.000000, -0.000000, -0.000026) },
    { t = 1.0130, fov = 60.0000, cf = CFrame.new(59909.222656, 0.037224, 2.179515, -0.000026, 0.000000, 1.000000, -0.000000, 1.000000, -0.000000, -1.000000, -0.000000, -0.000026) },
    { t = 1.0299, fov = 60.0000, cf = CFrame.new(59909.222656, 0.037224, 2.167166, -0.000026, 0.000000, 1.000000, -0.000000, 1.000000, -0.000000, -1.000000, -0.000000, -0.000026) },
    { t = 1.0463, fov = 60.0000, cf = CFrame.new(59909.222656, 0.037224, 2.154818, -0.000026, 0.000000, 1.000000, -0.000000, 1.000000, -0.000000, -1.000000, -0.000000, -0.000026) },
    { t = 1.0633, fov = 60.0000, cf = CFrame.new(59909.222656, 0.037224, 2.142469, -0.000026, 0.000000, 1.000000, -0.000000, 1.000000, -0.000000, -1.000000, -0.000000, -0.000026) },
    { t = 1.0798, fov = 60.0000, cf = CFrame.new(59909.222656, 0.037224, 2.130120, -0.000026, 0.000000, 1.000000, -0.000000, 1.000000, -0.000000, -1.000000, -0.000000, -0.000026) },
    { t = 1.0964, fov = 60.0000, cf = CFrame.new(59909.222656, 0.037224, 2.117771, -0.000026, 0.000000, 1.000000, -0.000000, 1.000000, -0.000000, -1.000000, -0.000000, -0.000026) },
    { t = 1.1123, fov = 60.0000, cf = CFrame.new(59909.222656, 0.037224, 2.105423, -0.000026, 0.000000, 1.000000, -0.000000, 1.000000, -0.000000, -1.000000, -0.000000, -0.000026) },
    { t = 1.1295, fov = 60.0000, cf = CFrame.new(59909.222656, 0.037224, 2.093074, -0.000026, 0.000000, 1.000000, -0.000000, 1.000000, -0.000000, -1.000000, -0.000000, -0.000026) },
    { t = 1.1465, fov = 60.0000, cf = CFrame.new(59909.222656, 0.037224, 2.080725, -0.000026, 0.000000, 1.000000, -0.000000, 1.000000, -0.000000, -1.000000, -0.000000, -0.000026) },
    { t = 1.1627, fov = 60.0000, cf = CFrame.new(59909.222656, 0.037224, 2.068377, -0.000026, 0.000000, 1.000000, -0.000000, 1.000000, -0.000000, -1.000000, -0.000000, -0.000026) },
    { t = 1.1787, fov = 60.0000, cf = CFrame.new(59909.222656, 0.037224, 2.056028, -0.000026, 0.000000, 1.000000, -0.000000, 1.000000, -0.000000, -1.000000, -0.000000, -0.000026) },
    { t = 1.1954, fov = 60.0000, cf = CFrame.new(59909.222656, 0.037224, 2.046767, -0.000026, 0.000000, 1.000000, -0.000000, 1.000000, -0.000000, -1.000000, -0.000000, -0.000026) },
    { t = 1.2124, fov = 60.0000, cf = CFrame.new(59909.222656, 0.037224, 2.031331, -0.000026, 0.000000, 1.000000, -0.000000, 1.000000, -0.000000, -1.000000, -0.000000, -0.000026) },
    { t = 1.2289, fov = 60.0000, cf = CFrame.new(59909.222656, 0.037224, 2.018982, -0.000026, 0.000000, 1.000000, -0.000000, 1.000000, -0.000000, -1.000000, -0.000000, -0.000026) },
    { t = 1.2457, fov = 60.0000, cf = CFrame.new(59909.222656, 0.037224, 2.006634, -0.000026, 0.000000, 1.000000, -0.000000, 1.000000, -0.000000, -1.000000, -0.000000, -0.000026) },
    { t = 1.2623, fov = 60.0000, cf = CFrame.new(59909.222656, 0.037224, 1.994285, -0.000026, 0.000000, 1.000000, -0.000000, 1.000000, -0.000000, -1.000000, -0.000000, -0.000026) },
    { t = 1.2793, fov = 60.0000, cf = CFrame.new(59909.222656, 0.037224, 1.981936, -0.000026, 0.000000, 1.000000, -0.000000, 1.000000, -0.000000, -1.000000, -0.000000, -0.000026) },
    { t = 1.2966, fov = 60.0000, cf = CFrame.new(59909.222656, 0.037224, 1.969588, -0.000026, 0.000000, 1.000000, -0.000000, 1.000000, -0.000000, -1.000000, -0.000000, -0.000026) },
    { t = 1.3134, fov = 60.0000, cf = CFrame.new(59909.222656, 0.037224, 1.957239, -0.000026, 0.000000, 1.000000, -0.000000, 1.000000, -0.000000, -1.000000, -0.000000, -0.000026) },
    { t = 1.3296, fov = 60.0000, cf = CFrame.new(59909.222656, 0.037224, 1.944891, -0.000026, 0.000000, 1.000000, -0.000000, 1.000000, -0.000000, -1.000000, -0.000000, -0.000026) },
    { t = 1.3462, fov = 60.0000, cf = CFrame.new(59909.222656, 0.037224, 1.932542, -0.000026, 0.000000, 1.000000, -0.000000, 1.000000, -0.000000, -1.000000, -0.000000, -0.000026) },
    { t = 1.3631, fov = 60.0000, cf = CFrame.new(59909.222656, 0.037224, 1.920193, -0.000026, 0.000000, 1.000000, -0.000000, 1.000000, -0.000000, -1.000000, -0.000000, -0.000026) },
    { t = 1.3788, fov = 60.0000, cf = CFrame.new(59909.222656, 0.037224, 1.907844, -0.000026, 0.000000, 1.000000, -0.000000, 1.000000, -0.000000, -1.000000, -0.000000, -0.000026) },
    { t = 1.3956, fov = 60.0000, cf = CFrame.new(59909.222656, 0.037224, 1.895496, -0.000026, 0.000000, 1.000000, -0.000000, 1.000000, -0.000000, -1.000000, -0.000000, -0.000026) },
    { t = 1.4136, fov = 60.0000, cf = CFrame.new(59909.222656, 0.037224, 1.883147, -0.000026, 0.000000, 1.000000, -0.000000, 1.000000, -0.000000, -1.000000, -0.000000, -0.000026) },
    { t = 1.4303, fov = 60.0000, cf = CFrame.new(59909.222656, 0.037224, 1.870799, -0.000026, 0.000000, 1.000000, -0.000000, 1.000000, -0.000000, -1.000000, -0.000000, -0.000026) },
    { t = 1.4469, fov = 60.0000, cf = CFrame.new(59909.222656, 0.037224, 1.858450, -0.000026, 0.000000, 1.000000, -0.000000, 1.000000, -0.000000, -1.000000, -0.000000, -0.000026) },
    { t = 1.4638, fov = 60.0000, cf = CFrame.new(59909.222656, 0.037224, 1.846101, -0.000026, 0.000000, 1.000000, -0.000000, 1.000000, -0.000000, -1.000000, -0.000000, -0.000026) },
    { t = 1.4802, fov = 60.0000, cf = CFrame.new(59909.222656, 0.037224, 1.833752, -0.000026, 0.000000, 1.000000, -0.000000, 1.000000, -0.000000, -1.000000, -0.000000, -0.000026) },
    { t = 1.4969, fov = 60.0000, cf = CFrame.new(59909.222656, 0.037224, 1.821404, -0.000026, 0.000000, 1.000000, -0.000000, 1.000000, -0.000000, -1.000000, -0.000000, -0.000026) },
    { t = 1.5137, fov = 60.0000, cf = CFrame.new(59909.222656, 0.037224, 1.809055, -0.000026, 0.000000, 1.000000, -0.000000, 1.000000, -0.000000, -1.000000, -0.000000, -0.000026) },
    { t = 1.5306, fov = 60.0000, cf = CFrame.new(59909.222656, 0.037224, 1.796707, -0.000026, 0.000000, 1.000000, -0.000000, 1.000000, -0.000000, -1.000000, -0.000000, -0.000026) },
    { t = 1.5470, fov = 60.0000, cf = CFrame.new(59909.222656, 0.037224, 1.784358, -0.000026, 0.000000, 1.000000, -0.000000, 1.000000, -0.000000, -1.000000, -0.000000, -0.000026) },
    { t = 1.5631, fov = 60.0000, cf = CFrame.new(59909.222656, 0.037224, 1.768922, -0.000026, 0.000000, 1.000000, -0.000000, 1.000000, -0.000000, -1.000000, -0.000000, -0.000026) },
    { t = 1.5793, fov = 60.0000, cf = CFrame.new(59909.222656, 0.037224, 1.759661, -0.000026, 0.000000, 1.000000, -0.000000, 1.000000, -0.000000, -1.000000, -0.000000, -0.000026) },
    { t = 1.5956, fov = 60.0000, cf = CFrame.new(59909.222656, 0.037224, 1.747312, -0.000026, 0.000000, 1.000000, -0.000000, 1.000000, -0.000000, -1.000000, -0.000000, -0.000026) },
    { t = 1.6128, fov = 60.0000, cf = CFrame.new(59909.222656, 0.037224, 1.734964, -0.000026, 0.000000, 1.000000, -0.000000, 1.000000, -0.000000, -1.000000, -0.000000, -0.000026) },
    { t = 1.6294, fov = 60.0000, cf = CFrame.new(59909.222656, 0.037224, 1.722615, -0.000026, 0.000000, 1.000000, -0.000000, 1.000000, -0.000000, -1.000000, -0.000000, -0.000026) },
    { t = 1.6463, fov = 60.0000, cf = CFrame.new(59909.222656, 0.037224, 1.710267, -0.000026, 0.000000, 1.000000, -0.000000, 1.000000, -0.000000, -1.000000, -0.000000, -0.000026) },
    { t = 1.6628, fov = 60.0000, cf = CFrame.new(59909.222656, 0.037224, 1.697918, -0.000026, 0.000000, 1.000000, -0.000000, 1.000000, -0.000000, -1.000000, -0.000000, -0.000026) },
    { t = 1.6797, fov = 60.0000, cf = CFrame.new(59909.222656, 0.037224, 1.685569, -0.000026, 0.000000, 1.000000, -0.000000, 1.000000, -0.000000, -1.000000, -0.000000, -0.000026) },
    { t = 1.6961, fov = 60.0000, cf = CFrame.new(59909.222656, 0.037224, 1.673220, -0.000026, 0.000000, 1.000000, -0.000000, 1.000000, -0.000000, -1.000000, -0.000000, -0.000026) },
    { t = 1.7135, fov = 60.0000, cf = CFrame.new(59909.222656, 0.037224, 1.660872, -0.000026, 0.000000, 1.000000, -0.000000, 1.000000, -0.000000, -1.000000, -0.000000, -0.000026) },
    { t = 1.7304, fov = 60.0000, cf = CFrame.new(59909.222656, 0.037224, 1.648523, -0.000026, 0.000000, 1.000000, -0.000000, 1.000000, -0.000000, -1.000000, -0.000000, -0.000026) },
    { t = 1.7465, fov = 60.0000, cf = CFrame.new(59909.222656, 0.037224, 1.636175, -0.000026, 0.000000, 1.000000, -0.000000, 1.000000, -0.000000, -1.000000, -0.000000, -0.000026) },
    { t = 1.7631, fov = 60.0000, cf = CFrame.new(59909.222656, 0.037224, 1.620739, -0.000026, 0.000000, 1.000000, -0.000000, 1.000000, -0.000000, -1.000000, -0.000000, -0.000026) },
    { t = 1.7798, fov = 60.0000, cf = CFrame.new(59909.222656, 0.037224, 1.611478, -0.000026, 0.000000, 1.000000, -0.000000, 1.000000, -0.000000, -1.000000, -0.000000, -0.000026) },
    { t = 1.7964, fov = 60.0000, cf = CFrame.new(59909.222656, 0.037224, 1.599129, -0.000026, 0.000000, 1.000000, -0.000000, 1.000000, -0.000000, -1.000000, -0.000000, -0.000026) },
    { t = 1.8137, fov = 60.0000, cf = CFrame.new(59909.222656, 0.037224, 1.586780, -0.000026, 0.000000, 1.000000, -0.000000, 1.000000, -0.000000, -1.000000, -0.000000, -0.000026) },
    { t = 1.8302, fov = 60.0000, cf = CFrame.new(59909.222656, 0.037224, 1.574432, -0.000026, 0.000000, 1.000000, -0.000000, 1.000000, -0.000000, -1.000000, -0.000000, -0.000026) },
    { t = 1.8470, fov = 60.0000, cf = CFrame.new(59909.222656, 0.037224, 1.562083, -0.000026, 0.000000, 1.000000, -0.000000, 1.000000, -0.000000, -1.000000, -0.000000, -0.000026) },
    { t = 1.8637, fov = 60.0000, cf = CFrame.new(59909.222656, 0.037224, 1.549734, -0.000026, 0.000000, 1.000000, -0.000000, 1.000000, -0.000000, -1.000000, -0.000000, -0.000026) },
    { t = 1.8803, fov = 60.0000, cf = CFrame.new(59909.222656, 0.037224, 1.537386, -0.000026, 0.000000, 1.000000, -0.000000, 1.000000, -0.000000, -1.000000, -0.000000, -0.000026) },
    { t = 1.8970, fov = 60.0000, cf = CFrame.new(59909.222656, 0.037224, 1.525037, -0.000026, 0.000000, 1.000000, -0.000000, 1.000000, -0.000000, -1.000000, -0.000000, -0.000026) },
    { t = 1.9137, fov = 60.0000, cf = CFrame.new(59909.222656, 0.037224, 1.512688, -0.000026, 0.000000, 1.000000, -0.000000, 1.000000, -0.000000, -1.000000, -0.000000, -0.000026) },
    { t = 1.9303, fov = 60.0000, cf = CFrame.new(59909.222656, 0.037224, 1.500340, -0.000026, 0.000000, 1.000000, -0.000000, 1.000000, -0.000000, -1.000000, -0.000000, -0.000026) },
    { t = 1.9470, fov = 60.0000, cf = CFrame.new(59909.222656, 0.037224, 1.487991, -0.000026, 0.000000, 1.000000, -0.000000, 1.000000, -0.000000, -1.000000, -0.000000, -0.000026) },
    { t = 1.9633, fov = 60.0000, cf = CFrame.new(59909.222656, 0.037224, 1.475642, -0.000026, 0.000000, 1.000000, -0.000000, 1.000000, -0.000000, -1.000000, -0.000000, -0.000026) },
    { t = 1.9791, fov = 60.0000, cf = CFrame.new(59909.222656, 0.037224, 1.463294, -0.000026, 0.000000, 1.000000, -0.000000, 1.000000, -0.000000, -1.000000, -0.000000, -0.000026) },
    { t = 1.9960, fov = 60.0000, cf = CFrame.new(59909.222656, 0.037224, 1.450945, -0.000026, 0.000000, 1.000000, -0.000000, 1.000000, -0.000000, -1.000000, -0.000000, -0.000026) },
    { t = 2.0122, fov = 60.0000, cf = CFrame.new(59909.222656, 0.037224, 1.438596, -0.000026, 0.000000, 1.000000, -0.000000, 1.000000, -0.000000, -1.000000, -0.000000, -0.000026) },
    { t = 2.0297, fov = 60.0000, cf = CFrame.new(59909.222656, 0.037224, 1.426248, -0.000026, 0.000000, 1.000000, -0.000000, 1.000000, -0.000000, -1.000000, -0.000000, -0.000026) },
    { t = 2.0462, fov = 60.0000, cf = CFrame.new(59909.222656, 0.037224, 1.413899, -0.000026, 0.000000, 1.000000, -0.000000, 1.000000, -0.000000, -1.000000, -0.000000, -0.000026) },
    { t = 2.0632, fov = 60.0000, cf = CFrame.new(59909.222656, 0.037224, 1.401551, -0.000026, 0.000000, 1.000000, -0.000000, 1.000000, -0.000000, -1.000000, -0.000000, -0.000026) },
    { t = 2.0793, fov = 60.0000, cf = CFrame.new(59909.222656, 0.037224, 1.389202, -0.000026, 0.000000, 1.000000, -0.000000, 1.000000, -0.000000, -1.000000, -0.000000, -0.000026) },
    { t = 2.0967, fov = 60.0000, cf = CFrame.new(59909.222656, 0.037224, 1.376853, -0.000026, 0.000000, 1.000000, -0.000000, 1.000000, -0.000000, -1.000000, -0.000000, -0.000026) },
    { t = 2.1128, fov = 60.0000, cf = CFrame.new(59909.222656, 0.037224, 1.364505, -0.000026, 0.000000, 1.000000, -0.000000, 1.000000, -0.000000, -1.000000, -0.000000, -0.000026) },
    { t = 2.1302, fov = 60.0000, cf = CFrame.new(59909.222656, 0.037224, 1.352156, -0.000026, 0.000000, 1.000000, -0.000000, 1.000000, -0.000000, -1.000000, -0.000000, -0.000026) },
    { t = 2.1469, fov = 60.0000, cf = CFrame.new(59909.222656, 0.037224, 1.339807, -0.000026, 0.000000, 1.000000, -0.000000, 1.000000, -0.000000, -1.000000, -0.000000, -0.000026) },
    { t = 2.1636, fov = 60.0000, cf = CFrame.new(59909.222656, 0.037224, 1.327459, -0.000026, 0.000000, 1.000000, -0.000000, 1.000000, -0.000000, -1.000000, -0.000000, -0.000026) },
    { t = 2.1794, fov = 60.0000, cf = CFrame.new(59909.222656, 0.037224, 1.315110, -0.000026, 0.000000, 1.000000, -0.000000, 1.000000, -0.000000, -1.000000, -0.000000, -0.000026) },
    { t = 2.1967, fov = 60.0000, cf = CFrame.new(59909.222656, 0.037224, 1.302761, -0.000026, 0.000000, 1.000000, -0.000000, 1.000000, -0.000000, -1.000000, -0.000000, -0.000026) },
    { t = 2.2139, fov = 60.0000, cf = CFrame.new(59909.222656, 0.037224, 1.290413, -0.000026, 0.000000, 1.000000, -0.000000, 1.000000, -0.000000, -1.000000, -0.000000, -0.000026) },
    { t = 2.2302, fov = 60.0000, cf = CFrame.new(59909.222656, 0.037224, 1.278064, -0.000026, 0.000000, 1.000000, -0.000000, 1.000000, -0.000000, -1.000000, -0.000000, -0.000026) },
    { t = 2.2469, fov = 60.0000, cf = CFrame.new(59909.222656, 0.037224, 1.265715, -0.000026, 0.000000, 1.000000, -0.000000, 1.000000, -0.000000, -1.000000, -0.000000, -0.000026) },
    { t = 2.2633, fov = 60.0000, cf = CFrame.new(59909.222656, 0.037224, 1.253367, -0.000026, 0.000000, 1.000000, -0.000000, 1.000000, -0.000000, -1.000000, -0.000000, -0.000026) },
    { t = 2.2803, fov = 60.0000, cf = CFrame.new(59909.222656, 0.037224, 1.241018, -0.000026, 0.000000, 1.000000, -0.000000, 1.000000, -0.000000, -1.000000, -0.000000, -0.000026) },
    { t = 2.2970, fov = 60.0000, cf = CFrame.new(59909.222656, 0.037224, 1.225582, -0.000026, 0.000000, 1.000000, -0.000000, 1.000000, -0.000000, -1.000000, -0.000000, -0.000026) },
    { t = 2.3130, fov = 60.0000, cf = CFrame.new(59909.222656, 0.037224, 1.216321, -0.000026, 0.000000, 1.000000, -0.000000, 1.000000, -0.000000, -1.000000, -0.000000, -0.000026) },
    { t = 2.3303, fov = 60.0000, cf = CFrame.new(59909.222656, 0.037224, 1.203973, -0.000026, 0.000000, 1.000000, -0.000000, 1.000000, -0.000000, -1.000000, -0.000000, -0.000026) },
    { t = 2.3470, fov = 60.0000, cf = CFrame.new(59909.222656, 0.037224, 1.191624, -0.000026, 0.000000, 1.000000, -0.000000, 1.000000, -0.000000, -1.000000, -0.000000, -0.000026) },
    { t = 2.3632, fov = 60.0000, cf = CFrame.new(59909.222656, 0.037224, 1.176188, -0.000026, 0.000000, 1.000000, -0.000000, 1.000000, -0.000000, -1.000000, -0.000000, -0.000026) },
    { t = 2.3791, fov = 60.0000, cf = CFrame.new(59909.222656, 0.037224, 1.166927, -0.000026, 0.000000, 1.000000, -0.000000, 1.000000, -0.000000, -1.000000, -0.000000, -0.000026) },
    { t = 2.3959, fov = 60.0000, cf = CFrame.new(59909.222656, 0.037224, 1.154578, -0.000026, 0.000000, 1.000000, -0.000000, 1.000000, -0.000000, -1.000000, -0.000000, -0.000026) },
    { t = 2.4127, fov = 60.0000, cf = CFrame.new(59909.222656, 0.037224, 1.142230, -0.000026, 0.000000, 1.000000, -0.000000, 1.000000, -0.000000, -1.000000, -0.000000, -0.000026) },
    { t = 2.4294, fov = 60.0000, cf = CFrame.new(59909.222656, 0.037224, 1.129881, -0.000026, 0.000000, 1.000000, -0.000000, 1.000000, -0.000000, -1.000000, -0.000000, -0.000026) },
    { t = 2.4460, fov = 60.0000, cf = CFrame.new(59909.222656, 0.037224, 1.117532, -0.000026, 0.000000, 1.000000, -0.000000, 1.000000, -0.000000, -1.000000, -0.000000, -0.000026) },
    { t = 2.4632, fov = 60.0000, cf = CFrame.new(59909.222656, 0.037224, 1.105184, -0.000026, 0.000000, 1.000000, -0.000000, 1.000000, -0.000000, -1.000000, -0.000000, -0.000026) },
    { t = 2.4797, fov = 60.0000, cf = CFrame.new(59909.222656, 0.037224, 1.092835, -0.000026, 0.000000, 1.000000, -0.000000, 1.000000, -0.000000, -1.000000, -0.000000, -0.000026) },
    { t = 2.4966, fov = 60.0000, cf = CFrame.new(59909.222656, 0.037224, 1.080486, -0.000026, 0.000000, 1.000000, -0.000000, 1.000000, -0.000000, -1.000000, -0.000000, -0.000026) },
    { t = 2.5133, fov = 60.0000, cf = CFrame.new(59909.222656, 0.037224, 1.068138, -0.000026, 0.000000, 1.000000, -0.000000, 1.000000, -0.000000, -1.000000, -0.000000, -0.000026) },
    { t = 2.5295, fov = 60.0000, cf = CFrame.new(59909.222656, 0.037224, 1.055796, -0.000026, 0.000000, 1.000000, -0.000000, 1.000000, -0.000000, -1.000000, -0.000000, -0.000026) },
    { t = 2.5464, fov = 60.0000, cf = CFrame.new(59909.222656, 0.037224, 1.050472, -0.000026, 0.000000, 1.000000, -0.000000, 1.000000, -0.000000, -1.000000, -0.000000, -0.000026) },
    { t = 2.5637, fov = 60.0000, cf = CFrame.new(59909.222656, 0.037224, 1.045148, -0.000026, 0.000000, 1.000000, -0.000000, 1.000000, -0.000000, -1.000000, -0.000000, -0.000026) },
    { t = 2.5797, fov = 60.0000, cf = CFrame.new(59909.222656, 0.037224, 1.039825, -0.000026, 0.000000, 1.000000, -0.000000, 1.000000, -0.000000, -1.000000, -0.000000, -0.000026) },
    { t = 2.5964, fov = 60.0000, cf = CFrame.new(59909.222656, 0.037224, 1.034501, -0.000026, 0.000000, 1.000000, -0.000000, 1.000000, -0.000000, -1.000000, -0.000000, -0.000026) },
    { t = 2.6124, fov = 60.0000, cf = CFrame.new(59909.222656, 0.037224, 1.029177, -0.000026, 0.000000, 1.000000, -0.000000, 1.000000, -0.000000, -1.000000, -0.000000, -0.000026) },
    { t = 2.6294, fov = 60.0000, cf = CFrame.new(59909.222656, 0.037224, 1.023853, -0.000026, 0.000000, 1.000000, -0.000000, 1.000000, -0.000000, -1.000000, -0.000000, -0.000026) },
    { t = 2.6463, fov = 60.0000, cf = CFrame.new(59909.222656, 0.037224, 1.018530, -0.000026, 0.000000, 1.000000, -0.000000, 1.000000, -0.000000, -1.000000, -0.000000, -0.000026) },
    { t = 2.6630, fov = 60.0000, cf = CFrame.new(59909.222656, 0.037224, 1.013206, -0.000026, 0.000000, 1.000000, -0.000000, 1.000000, -0.000000, -1.000000, -0.000000, -0.000026) },
    { t = 2.6796, fov = 60.0000, cf = CFrame.new(59909.226562, 0.037224, 1.007882, -0.000026, 0.000000, 1.000000, -0.000000, 1.000000, -0.000000, -1.000000, -0.000000, -0.000026) },
    { t = 2.6959, fov = 60.0000, cf = CFrame.new(59909.226562, 0.037224, 1.002558, -0.000026, 0.000000, 1.000000, -0.000000, 1.000000, -0.000000, -1.000000, -0.000000, -0.000026) },
    { t = 2.7132, fov = 60.0000, cf = CFrame.new(59909.226562, 0.037224, 0.997235, -0.000026, 0.000000, 1.000000, -0.000000, 1.000000, -0.000000, -1.000000, -0.000000, -0.000026) },
    { t = 2.7299, fov = 60.0000, cf = CFrame.new(59909.226562, 0.037224, 0.991911, -0.000026, 0.000000, 1.000000, -0.000000, 1.000000, -0.000000, -1.000000, -0.000000, -0.000026) },
    { t = 2.7464, fov = 60.0000, cf = CFrame.new(59909.226562, 0.037224, 0.986587, -0.000026, 0.000000, 1.000000, -0.000000, 1.000000, -0.000000, -1.000000, -0.000000, -0.000026) },
    { t = 2.7623, fov = 60.0000, cf = CFrame.new(59909.226562, 0.037224, 0.981263, -0.000026, 0.000000, 1.000000, -0.000000, 1.000000, -0.000000, -1.000000, -0.000000, -0.000026) },
    { t = 2.7787, fov = 60.0000, cf = CFrame.new(59909.226562, 0.037224, 0.975940, -0.000026, 0.000000, 1.000000, -0.000000, 1.000000, -0.000000, -1.000000, -0.000000, -0.000026) },
    { t = 2.7954, fov = 60.0000, cf = CFrame.new(59909.226562, 0.037224, 0.971947, -0.000026, 0.000000, 1.000000, -0.000000, 1.000000, -0.000000, -1.000000, -0.000000, -0.000026) },
    { t = 2.8122, fov = 60.0000, cf = CFrame.new(59909.226562, 0.037224, 0.966623, -0.000026, 0.000000, 1.000000, -0.000000, 1.000000, -0.000000, -1.000000, -0.000000, -0.000026) },
    { t = 2.8289, fov = 60.0000, cf = CFrame.new(59909.226562, 0.037224, 0.961299, -0.000026, 0.000000, 1.000000, -0.000000, 1.000000, -0.000000, -1.000000, -0.000000, -0.000026) },
    { t = 2.8459, fov = 60.0000, cf = CFrame.new(59909.226562, 0.037224, 0.954645, -0.000026, 0.000000, 1.000000, -0.000000, 1.000000, -0.000000, -1.000000, -0.000000, -0.000026) },
    { t = 2.8627, fov = 60.0000, cf = CFrame.new(59909.226562, 0.037224, 0.949321, -0.000026, 0.000000, 1.000000, -0.000000, 1.000000, -0.000000, -1.000000, -0.000000, -0.000026) },
    { t = 2.8792, fov = 60.0000, cf = CFrame.new(59909.226562, 0.037224, 0.943997, -0.000026, 0.000000, 1.000000, -0.000000, 1.000000, -0.000000, -1.000000, -0.000000, -0.000026) },
    { t = 2.8960, fov = 60.0000, cf = CFrame.new(59909.226562, 0.037224, 0.938673, -0.000026, 0.000000, 1.000000, -0.000000, 1.000000, -0.000000, -1.000000, -0.000000, -0.000026) },
    { t = 2.9123, fov = 60.0000, cf = CFrame.new(59909.226562, 0.037224, 0.933349, -0.000026, 0.000000, 1.000000, -0.000000, 1.000000, -0.000000, -1.000000, -0.000000, -0.000026) },
    { t = 2.9294, fov = 60.0000, cf = CFrame.new(59909.226562, 0.037224, 0.928026, -0.000026, 0.000000, 1.000000, -0.000000, 1.000000, -0.000000, -1.000000, -0.000000, -0.000026) },
    { t = 2.9462, fov = 60.0000, cf = CFrame.new(59909.226562, 0.037224, 0.922702, -0.000026, 0.000000, 1.000000, -0.000000, 1.000000, -0.000000, -1.000000, -0.000000, -0.000026) },
    { t = 2.9630, fov = 60.0000, cf = CFrame.new(59909.230469, 0.037224, 0.917378, -0.000026, 0.000000, 1.000000, -0.000000, 1.000000, -0.000000, -1.000000, -0.000000, -0.000026) },
    { t = 2.9792, fov = 60.0000, cf = CFrame.new(59909.230469, 0.037224, 0.912054, -0.000026, 0.000000, 1.000000, -0.000000, 1.000000, -0.000000, -1.000000, -0.000000, -0.000026) },
    { t = 2.9964, fov = 60.0000, cf = CFrame.new(59909.230469, 0.037224, 0.906731, -0.000026, 0.000000, 1.000000, -0.000000, 1.000000, -0.000000, -1.000000, -0.000000, -0.000026) },
    { t = 3.0131, fov = 60.0000, cf = CFrame.new(59909.230469, 0.037224, 0.901407, -0.000026, 0.000000, 1.000000, -0.000000, 1.000000, -0.000000, -1.000000, -0.000000, -0.000026) },
    { t = 3.0297, fov = 60.0000, cf = CFrame.new(59909.230469, 0.037224, 0.896083, -0.000026, 0.000000, 1.000000, -0.000000, 1.000000, -0.000000, -1.000000, -0.000000, -0.000026) },
    { t = 3.0465, fov = 60.0000, cf = CFrame.new(59909.230469, 0.037224, 0.890759, -0.000026, 0.000000, 1.000000, -0.000000, 1.000000, -0.000000, -1.000000, -0.000000, -0.000026) },
    { t = 3.0627, fov = 60.0000, cf = CFrame.new(59909.230469, 0.037224, 0.885436, -0.000026, 0.000000, 1.000000, -0.000000, 1.000000, -0.000000, -1.000000, -0.000000, -0.000026) },
    { t = 3.0788, fov = 60.0000, cf = CFrame.new(59909.230469, 0.037224, 0.880112, -0.000026, 0.000000, 1.000000, -0.000000, 1.000000, -0.000000, -1.000000, -0.000000, -0.000026) },
    { t = 3.0958, fov = 60.0000, cf = CFrame.new(59909.230469, 0.037224, 0.876119, -0.000026, 0.000000, 1.000000, -0.000000, 1.000000, -0.000000, -1.000000, -0.000000, -0.000026) },
    { t = 3.1127, fov = 60.0000, cf = CFrame.new(59909.230469, 0.037224, 0.869464, -0.000026, 0.000000, 1.000000, -0.000000, 1.000000, -0.000000, -1.000000, -0.000000, -0.000026) },
    { t = 3.1303, fov = 60.0000, cf = CFrame.new(59909.230469, 0.037224, 0.864141, -0.000026, 0.000000, 1.000000, -0.000000, 1.000000, -0.000000, -1.000000, -0.000000, -0.000026) },
    { t = 3.1471, fov = 60.0000, cf = CFrame.new(59909.230469, 0.037224, 0.858817, -0.000026, 0.000000, 1.000000, -0.000000, 1.000000, -0.000000, -1.000000, -0.000000, -0.000026) },
    { t = 3.1630, fov = 60.0000, cf = CFrame.new(59909.230469, 0.037224, 0.853493, -0.000026, 0.000000, 1.000000, -0.000000, 1.000000, -0.000000, -1.000000, -0.000000, -0.000026) },
    { t = 3.1792, fov = 60.0000, cf = CFrame.new(59909.230469, 0.037224, 0.848169, -0.000026, 0.000000, 1.000000, -0.000000, 1.000000, -0.000000, -1.000000, -0.000000, -0.000026) },
    { t = 3.1960, fov = 60.0000, cf = CFrame.new(59909.230469, 0.037224, 0.842845, -0.000026, 0.000000, 1.000000, -0.000000, 1.000000, -0.000000, -1.000000, -0.000000, -0.000026) },
    { t = 3.2127, fov = 60.0000, cf = CFrame.new(59909.230469, 0.037224, 0.837522, -0.000026, 0.000000, 1.000000, -0.000000, 1.000000, -0.000000, -1.000000, -0.000000, -0.000026) },
    { t = 3.2289, fov = 60.0000, cf = CFrame.new(59909.230469, 0.037224, 0.832198, -0.000026, 0.000000, 1.000000, -0.000000, 1.000000, -0.000000, -1.000000, -0.000000, -0.000026) },
    { t = 3.2462, fov = 60.0000, cf = CFrame.new(59909.230469, 0.037224, 0.828205, -0.000026, 0.000000, 1.000000, -0.000000, 1.000000, -0.000000, -1.000000, -0.000000, -0.000026) },
    { t = 3.2626, fov = 60.0000, cf = CFrame.new(59909.234375, 0.037224, 0.821550, -0.000026, 0.000000, 1.000000, -0.000000, 1.000000, -0.000000, -1.000000, -0.000000, -0.000026) },
    { t = 3.2793, fov = 60.0000, cf = CFrame.new(59909.234375, 0.037224, 0.816227, -0.000026, 0.000000, 1.000000, -0.000000, 1.000000, -0.000000, -1.000000, -0.000000, -0.000026) },
    { t = 3.2967, fov = 60.0000, cf = CFrame.new(59909.234375, 0.037224, 0.810903, -0.000026, 0.000000, 1.000000, -0.000000, 1.000000, -0.000000, -1.000000, -0.000000, -0.000026) },
    { t = 3.3134, fov = 60.0000, cf = CFrame.new(59909.234375, 0.037224, 0.805579, -0.000026, 0.000000, 1.000000, -0.000000, 1.000000, -0.000000, -1.000000, -0.000000, -0.000026) },
    { t = 3.3300, fov = 60.0000, cf = CFrame.new(59909.234375, 0.037224, 0.800256, -0.000026, 0.000000, 1.000000, -0.000000, 1.000000, -0.000000, -1.000000, -0.000000, -0.000026) },
    { t = 3.3469, fov = 60.0000, cf = CFrame.new(59909.234375, 0.037224, 0.794932, -0.000026, 0.000000, 1.000000, -0.000000, 1.000000, -0.000000, -1.000000, -0.000000, -0.000026) },
    { t = 3.3631, fov = 60.0000, cf = CFrame.new(59909.234375, 0.037224, 0.789608, -0.000026, 0.000000, 1.000000, -0.000000, 1.000000, -0.000000, -1.000000, -0.000000, -0.000026) },
    { t = 3.3802, fov = 60.0000, cf = CFrame.new(59909.234375, 0.037224, 0.784284, -0.000026, 0.000000, 1.000000, -0.000000, 1.000000, -0.000000, -1.000000, -0.000000, -0.000026) },
    { t = 3.3969, fov = 60.0000, cf = CFrame.new(59909.234375, 0.037224, 0.778960, -0.000026, 0.000000, 1.000000, -0.000000, 1.000000, -0.000000, -1.000000, -0.000000, -0.000026) },
    { t = 3.4136, fov = 60.0000, cf = CFrame.new(59909.234375, 0.037224, 0.773637, -0.000026, 0.000000, 1.000000, -0.000000, 1.000000, -0.000000, -1.000000, -0.000000, -0.000026) },
    { t = 3.4303, fov = 60.0000, cf = CFrame.new(59909.234375, 0.037224, 0.768313, -0.000026, 0.000000, 1.000000, -0.000000, 1.000000, -0.000000, -1.000000, -0.000000, -0.000026) },
    { t = 3.4468, fov = 60.0000, cf = CFrame.new(59909.234375, 0.037224, 0.762989, -0.000026, 0.000000, 1.000000, -0.000000, 1.000000, -0.000000, -1.000000, -0.000000, -0.000026) },
    { t = 3.4628, fov = 60.0000, cf = CFrame.new(59909.234375, 0.037224, 0.757665, -0.000026, 0.000000, 1.000000, -0.000000, 1.000000, -0.000000, -1.000000, -0.000000, -0.000026) },
    { t = 3.4803, fov = 60.0000, cf = CFrame.new(59909.234375, 0.037224, 0.752341, -0.000026, 0.000000, 1.000000, -0.000000, 1.000000, -0.000000, -1.000000, -0.000000, -0.000026) },
    { t = 3.4970, fov = 60.0000, cf = CFrame.new(59909.234375, 0.037224, 0.747018, -0.000026, 0.000000, 1.000000, -0.000000, 1.000000, -0.000000, -1.000000, -0.000000, -0.000026) },
    { t = 3.5136, fov = 60.0000, cf = CFrame.new(59909.234375, 0.037224, 0.741694, -0.000026, 0.000000, 1.000000, -0.000000, 1.000000, -0.000000, -1.000000, -0.000000, -0.000026) },
    { t = 3.5297, fov = 60.0000, cf = CFrame.new(59909.234375, 0.037224, 0.736370, -0.000026, 0.000000, 1.000000, -0.000000, 1.000000, -0.000000, -1.000000, -0.000000, -0.000026) },
    { t = 3.5470, fov = 60.0000, cf = CFrame.new(59909.234375, 0.037224, 0.731046, -0.000026, 0.000000, 1.000000, -0.000000, 1.000000, -0.000000, -1.000000, -0.000000, -0.000026) },
    { t = 3.5625, fov = 60.0000, cf = CFrame.new(59909.238281, 0.037224, 0.725723, -0.000026, 0.000000, 1.000000, -0.000000, 1.000000, -0.000000, -1.000000, -0.000000, -0.000026) },
    { t = 3.5792, fov = 60.0000, cf = CFrame.new(59909.238281, 0.037224, 0.720399, -0.000026, 0.000000, 1.000000, -0.000000, 1.000000, -0.000000, -1.000000, -0.000000, -0.000026) },
    { t = 3.5961, fov = 60.0000, cf = CFrame.new(59909.238281, 0.037224, 0.715075, -0.000026, 0.000000, 1.000000, -0.000000, 1.000000, -0.000000, -1.000000, -0.000000, -0.000026) },
    { t = 3.6127, fov = 60.0000, cf = CFrame.new(59909.238281, 0.037224, 0.709751, -0.000026, 0.000000, 1.000000, -0.000000, 1.000000, -0.000000, -1.000000, -0.000000, -0.000026) },
    { t = 3.6295, fov = 60.0000, cf = CFrame.new(59909.238281, 0.037224, 0.704428, -0.000026, 0.000000, 1.000000, -0.000000, 1.000000, -0.000000, -1.000000, -0.000000, -0.000026) },
